Node_num: 23	Edge_num: 76
Link_index	Source	Destination	Weights	Bandwidth
0	0	1	4	500
1	0	2	4	500
2	0	3	4	500
3	0	4	4	500
4	5	6	2	500
5	5	7	4	500
6	1	0	4	500
7	8	9	4	500
8	8	10	4	500
9	8	11	32	500
10	8	12	4	500
11	13	4	4	500
12	13	2	4	500
13	10	14	4	500
14	10	15	2	500
15	10	8	4	500
16	10	9	4	500
17	14	8	4	500
18	14	15	9	500
19	14	4	5	500
20	0	6	20	500
21	13	16	4	500
22	6	5	2	500
23	6	10	9	500
24	6	0	20	500
25	17	18	2	500
26	11	10	5	500
27	11	7	18	500
28	11	19	4	500
29	11	8	32	500
30	15	18	4	500
31	15	4	2	500
32	1	4	9	500
33	10	6	9	500
34	10	2	4	500
35	7	5	4	500
36	10	11	5	500
37	2	20	4	500
38	7	11	18	500
39	19	11	4	500
40	19	21	2	500
41	19	12	8	500
42	15	14	9	500
43	3	0	4	500
44	15	10	2	500
45	21	19	2	500
46	12	19	8	500
47	2	0	4	500
48	2	13	4	500
49	2	14	5	500
50	2	10	4	500
51	20	2	4	500
52	20	16	4	500
53	12	8	4	500
54	12	11	5	500
55	8	14	4	500
56	18	15	4	500
57	18	22	2	500
58	14	10	4	500
59	9	8	4	500
60	9	10	4	500
61	9	12	2	500
62	11	12	5	500
63	12	9	2	500
64	18	17	2	500
65	14	2	5	500
66	22	18	2	500
67	16	4	2	500
68	4	0	4	500
69	4	15	2	500
70	4	13	4	500
71	4	1	9	500
72	16	20	4	500
73	16	13	4	500
74	4	16	2	500
75	4	14	5	500
