0->1: [[0, 1]]
0->2: [[0, 2]]
0->3: [[0, 3]]
0->4: [[0, 4]]
0->5: [[0, 2, 10, 6, 5], [0, 4, 15, 10, 6, 5]]
0->6: [[0, 2, 10, 6], [0, 4, 15, 10, 6]]
0->7: [[0, 2, 10, 6, 5, 7], [0, 4, 15, 10, 6, 5, 7]]
0->8: [[0, 2, 10, 8], [0, 4, 15, 10, 8]]
0->9: [[0, 2, 10, 9], [0, 4, 15, 10, 9]]
0->10: [[0, 2, 10], [0, 4, 15, 10]]
0->11: [[0, 2, 10, 11], [0, 4, 15, 10, 11]]
0->12: [[0, 2, 10, 9, 12], [0, 4, 15, 10, 9, 12]]
0->13: [[0, 2, 13], [0, 4, 13]]
0->14: [[0, 2, 14], [0, 4, 14]]
0->15: [[0, 4, 15]]
0->16: [[0, 4, 16]]
0->17: [[0, 4, 15, 18, 17]]
0->18: [[0, 4, 15, 18]]
0->19: [[0, 2, 10, 11, 19], [0, 4, 15, 10, 11, 19]]
0->20: [[0, 2, 20]]
0->21: [[0, 2, 10, 11, 19, 21], [0, 4, 15, 10, 11, 19, 21]]
0->22: [[0, 4, 15, 18, 22]]
1->0: [[1, 0]]
1->2: [[1, 0, 2]]
1->3: [[1, 0, 3]]
1->4: [[1, 0, 4]]
1->5: [[1, 0, 2, 10, 6, 5], [1, 0, 4, 15, 10, 6, 5]]
1->6: [[1, 0, 2, 10, 6], [1, 0, 4, 15, 10, 6]]
1->7: [[1, 0, 2, 10, 6, 5, 7], [1, 0, 4, 15, 10, 6, 5, 7]]
1->8: [[1, 0, 2, 10, 8], [1, 0, 4, 15, 10, 8]]
1->9: [[1, 0, 2, 10, 9], [1, 0, 4, 15, 10, 9]]
1->10: [[1, 0, 2, 10], [1, 0, 4, 15, 10]]
1->11: [[1, 0, 2, 10, 11], [1, 0, 4, 15, 10, 11]]
1->12: [[1, 0, 2, 10, 9, 12], [1, 0, 4, 15, 10, 9, 12]]
1->13: [[1, 0, 2, 13], [1, 0, 4, 13]]
1->14: [[1, 0, 2, 14], [1, 0, 4, 14]]
1->15: [[1, 0, 4, 15]]
1->16: [[1, 0, 4, 16]]
1->17: [[1, 0, 4, 15, 18, 17]]
1->18: [[1, 0, 4, 15, 18]]
1->19: [[1, 0, 2, 10, 11, 19], [1, 0, 4, 15, 10, 11, 19]]
1->20: [[1, 0, 2, 20]]
1->21: [[1, 0, 2, 10, 11, 19, 21], [1, 0, 4, 15, 10, 11, 19, 21]]
1->22: [[1, 0, 4, 15, 18, 22]]
2->0: [[2, 0]]
2->1: [[2, 0, 1]]
2->3: [[2, 0, 3]]
2->4: [[2, 0, 4], [2, 13, 4], [2, 10, 15, 4]]
2->5: [[2, 10, 6, 5]]
2->6: [[2, 10, 6]]
2->7: [[2, 10, 6, 5, 7]]
2->8: [[2, 10, 8]]
2->9: [[2, 10, 9]]
2->10: [[2, 10]]
2->11: [[2, 10, 11]]
2->12: [[2, 10, 9, 12]]
2->13: [[2, 13]]
2->14: [[2, 14]]
2->15: [[2, 10, 15]]
2->16: [[2, 20, 16], [2, 13, 16]]
2->17: [[2, 10, 15, 18, 17]]
2->18: [[2, 10, 15, 18]]
2->19: [[2, 10, 11, 19]]
2->20: [[2, 20]]
2->21: [[2, 10, 11, 19, 21]]
2->22: [[2, 10, 15, 18, 22]]
3->0: [[3, 0]]
3->1: [[3, 0, 1]]
3->2: [[3, 0, 2]]
3->4: [[3, 0, 4]]
3->5: [[3, 0, 2, 10, 6, 5], [3, 0, 4, 15, 10, 6, 5]]
3->6: [[3, 0, 2, 10, 6], [3, 0, 4, 15, 10, 6]]
3->7: [[3, 0, 2, 10, 6, 5, 7], [3, 0, 4, 15, 10, 6, 5, 7]]
3->8: [[3, 0, 2, 10, 8], [3, 0, 4, 15, 10, 8]]
3->9: [[3, 0, 2, 10, 9], [3, 0, 4, 15, 10, 9]]
3->10: [[3, 0, 2, 10], [3, 0, 4, 15, 10]]
3->11: [[3, 0, 2, 10, 11], [3, 0, 4, 15, 10, 11]]
3->12: [[3, 0, 2, 10, 9, 12], [3, 0, 4, 15, 10, 9, 12]]
3->13: [[3, 0, 2, 13], [3, 0, 4, 13]]
3->14: [[3, 0, 2, 14], [3, 0, 4, 14]]
3->15: [[3, 0, 4, 15]]
3->16: [[3, 0, 4, 16]]
3->17: [[3, 0, 4, 15, 18, 17]]
3->18: [[3, 0, 4, 15, 18]]
3->19: [[3, 0, 2, 10, 11, 19], [3, 0, 4, 15, 10, 11, 19]]
3->20: [[3, 0, 2, 20]]
3->21: [[3, 0, 2, 10, 11, 19, 21], [3, 0, 4, 15, 10, 11, 19, 21]]
3->22: [[3, 0, 4, 15, 18, 22]]
4->0: [[4, 0]]
4->1: [[4, 0, 1]]
4->2: [[4, 0, 2], [4, 13, 2], [4, 15, 10, 2]]
4->3: [[4, 0, 3]]
4->5: [[4, 15, 10, 6, 5]]
4->6: [[4, 15, 10, 6]]
4->7: [[4, 15, 10, 6, 5, 7]]
4->8: [[4, 15, 10, 8]]
4->9: [[4, 15, 10, 9]]
4->10: [[4, 15, 10]]
4->11: [[4, 15, 10, 11]]
4->12: [[4, 15, 10, 9, 12]]
4->13: [[4, 13]]
4->14: [[4, 14]]
4->15: [[4, 15]]
4->16: [[4, 16]]
4->17: [[4, 15, 18, 17]]
4->18: [[4, 15, 18]]
4->19: [[4, 15, 10, 11, 19]]
4->20: [[4, 16, 20]]
4->21: [[4, 15, 10, 11, 19, 21]]
4->22: [[4, 15, 18, 22]]
5->0: [[5, 6, 10, 2, 0], [5, 6, 10, 15, 4, 0]]
5->1: [[5, 6, 10, 2, 0, 1], [5, 6, 10, 15, 4, 0, 1]]
5->2: [[5, 6, 10, 2]]
5->3: [[5, 6, 10, 2, 0, 3], [5, 6, 10, 15, 4, 0, 3]]
5->4: [[5, 6, 10, 15, 4]]
5->6: [[5, 6]]
5->7: [[5, 7]]
5->8: [[5, 6, 10, 8]]
5->9: [[5, 6, 10, 9]]
5->10: [[5, 6, 10]]
5->11: [[5, 6, 10, 11]]
5->12: [[5, 6, 10, 9, 12]]
5->13: [[5, 6, 10, 2, 13], [5, 6, 10, 15, 4, 13]]
5->14: [[5, 6, 10, 14]]
5->15: [[5, 6, 10, 15]]
5->16: [[5, 6, 10, 15, 4, 16]]
5->17: [[5, 6, 10, 15, 18, 17]]
5->18: [[5, 6, 10, 15, 18]]
5->19: [[5, 6, 10, 11, 19]]
5->20: [[5, 6, 10, 2, 20]]
5->21: [[5, 6, 10, 11, 19, 21]]
5->22: [[5, 6, 10, 15, 18, 22]]
6->0: [[6, 10, 2, 0], [6, 10, 15, 4, 0]]
6->1: [[6, 10, 2, 0, 1], [6, 10, 15, 4, 0, 1]]
6->2: [[6, 10, 2]]
6->3: [[6, 10, 2, 0, 3], [6, 10, 15, 4, 0, 3]]
6->4: [[6, 10, 15, 4]]
6->5: [[6, 5]]
6->7: [[6, 5, 7]]
6->8: [[6, 10, 8]]
6->9: [[6, 10, 9]]
6->10: [[6, 10]]
6->11: [[6, 10, 11]]
6->12: [[6, 10, 9, 12]]
6->13: [[6, 10, 2, 13], [6, 10, 15, 4, 13]]
6->14: [[6, 10, 14]]
6->15: [[6, 10, 15]]
6->16: [[6, 10, 15, 4, 16]]
6->17: [[6, 10, 15, 18, 17]]
6->18: [[6, 10, 15, 18]]
6->19: [[6, 10, 11, 19]]
6->20: [[6, 10, 2, 20]]
6->21: [[6, 10, 11, 19, 21]]
6->22: [[6, 10, 15, 18, 22]]
7->0: [[7, 5, 6, 10, 2, 0], [7, 5, 6, 10, 15, 4, 0]]
7->1: [[7, 5, 6, 10, 2, 0, 1], [7, 5, 6, 10, 15, 4, 0, 1]]
7->2: [[7, 5, 6, 10, 2]]
7->3: [[7, 5, 6, 10, 2, 0, 3], [7, 5, 6, 10, 15, 4, 0, 3]]
7->4: [[7, 5, 6, 10, 15, 4]]
7->5: [[7, 5]]
7->6: [[7, 5, 6]]
7->8: [[7, 5, 6, 10, 8]]
7->9: [[7, 5, 6, 10, 9]]
7->10: [[7, 5, 6, 10]]
7->11: [[7, 11]]
7->12: [[7, 5, 6, 10, 9, 12]]
7->13: [[7, 5, 6, 10, 2, 13], [7, 5, 6, 10, 15, 4, 13]]
7->14: [[7, 5, 6, 10, 14]]
7->15: [[7, 5, 6, 10, 15]]
7->16: [[7, 5, 6, 10, 15, 4, 16]]
7->17: [[7, 5, 6, 10, 15, 18, 17]]
7->18: [[7, 5, 6, 10, 15, 18]]
7->19: [[7, 11, 19]]
7->20: [[7, 5, 6, 10, 2, 20]]
7->21: [[7, 11, 19, 21]]
7->22: [[7, 5, 6, 10, 15, 18, 22]]
8->0: [[8, 10, 2, 0], [8, 10, 15, 4, 0]]
8->1: [[8, 10, 2, 0, 1], [8, 10, 15, 4, 0, 1]]
8->2: [[8, 10, 2]]
8->3: [[8, 10, 2, 0, 3], [8, 10, 15, 4, 0, 3]]
8->4: [[8, 10, 15, 4]]
8->5: [[8, 10, 6, 5]]
8->6: [[8, 10, 6]]
8->7: [[8, 10, 6, 5, 7]]
8->9: [[8, 9]]
8->10: [[8, 10]]
8->11: [[8, 10, 11], [8, 12, 11]]
8->12: [[8, 12]]
8->13: [[8, 10, 2, 13], [8, 10, 15, 4, 13]]
8->14: [[8, 14]]
8->15: [[8, 10, 15]]
8->16: [[8, 10, 15, 4, 16]]
8->17: [[8, 10, 15, 18, 17]]
8->18: [[8, 10, 15, 18]]
8->19: [[8, 12, 19]]
8->20: [[8, 10, 2, 20]]
8->21: [[8, 12, 19, 21]]
8->22: [[8, 10, 15, 18, 22]]
9->0: [[9, 10, 2, 0], [9, 10, 15, 4, 0]]
9->1: [[9, 10, 2, 0, 1], [9, 10, 15, 4, 0, 1]]
9->2: [[9, 10, 2]]
9->3: [[9, 10, 2, 0, 3], [9, 10, 15, 4, 0, 3]]
9->4: [[9, 10, 15, 4]]
9->5: [[9, 10, 6, 5]]
9->6: [[9, 10, 6]]
9->7: [[9, 10, 6, 5, 7]]
9->8: [[9, 8]]
9->10: [[9, 10]]
9->11: [[9, 12, 11]]
9->12: [[9, 12]]
9->13: [[9, 10, 2, 13], [9, 10, 15, 4, 13]]
9->14: [[9, 8, 14], [9, 10, 14]]
9->15: [[9, 10, 15]]
9->16: [[9, 10, 15, 4, 16]]
9->17: [[9, 10, 15, 18, 17]]
9->18: [[9, 10, 15, 18]]
9->19: [[9, 12, 19]]
9->20: [[9, 10, 2, 20]]
9->21: [[9, 12, 19, 21]]
9->22: [[9, 10, 15, 18, 22]]
10->0: [[10, 2, 0], [10, 15, 4, 0]]
10->1: [[10, 2, 0, 1], [10, 15, 4, 0, 1]]
10->2: [[10, 2]]
10->3: [[10, 2, 0, 3], [10, 15, 4, 0, 3]]
10->4: [[10, 15, 4]]
10->5: [[10, 6, 5]]
10->6: [[10, 6]]
10->7: [[10, 6, 5, 7]]
10->8: [[10, 8]]
10->9: [[10, 9]]
10->11: [[10, 11]]
10->12: [[10, 9, 12]]
10->13: [[10, 2, 13], [10, 15, 4, 13]]
10->14: [[10, 14]]
10->15: [[10, 15]]
10->16: [[10, 15, 4, 16]]
10->17: [[10, 15, 18, 17]]
10->18: [[10, 15, 18]]
10->19: [[10, 11, 19]]
10->20: [[10, 2, 20]]
10->21: [[10, 11, 19, 21]]
10->22: [[10, 15, 18, 22]]
11->0: [[11, 10, 2, 0], [11, 10, 15, 4, 0]]
11->1: [[11, 10, 2, 0, 1], [11, 10, 15, 4, 0, 1]]
11->2: [[11, 10, 2]]
11->3: [[11, 10, 2, 0, 3], [11, 10, 15, 4, 0, 3]]
11->4: [[11, 10, 15, 4]]
11->5: [[11, 10, 6, 5]]
11->6: [[11, 10, 6]]
11->7: [[11, 7]]
11->8: [[11, 10, 8], [11, 12, 8]]
11->9: [[11, 12, 9]]
11->10: [[11, 10]]
11->12: [[11, 12]]
11->13: [[11, 10, 2, 13], [11, 10, 15, 4, 13]]
11->14: [[11, 10, 14]]
11->15: [[11, 10, 15]]
11->16: [[11, 10, 15, 4, 16]]
11->17: [[11, 10, 15, 18, 17]]
11->18: [[11, 10, 15, 18]]
11->19: [[11, 19]]
11->20: [[11, 10, 2, 20]]
11->21: [[11, 19, 21]]
11->22: [[11, 10, 15, 18, 22]]
12->0: [[12, 9, 10, 2, 0], [12, 9, 10, 15, 4, 0]]
12->1: [[12, 9, 10, 2, 0, 1], [12, 9, 10, 15, 4, 0, 1]]
12->2: [[12, 9, 10, 2]]
12->3: [[12, 9, 10, 2, 0, 3], [12, 9, 10, 15, 4, 0, 3]]
12->4: [[12, 9, 10, 15, 4]]
12->5: [[12, 9, 10, 6, 5]]
12->6: [[12, 9, 10, 6]]
12->7: [[12, 9, 10, 6, 5, 7]]
12->8: [[12, 8]]
12->9: [[12, 9]]
12->10: [[12, 9, 10]]
12->11: [[12, 11]]
12->13: [[12, 9, 10, 2, 13], [12, 9, 10, 15, 4, 13]]
12->14: [[12, 8, 14]]
12->15: [[12, 9, 10, 15]]
12->16: [[12, 9, 10, 15, 4, 16]]
12->17: [[12, 9, 10, 15, 18, 17]]
12->18: [[12, 9, 10, 15, 18]]
12->19: [[12, 19]]
12->20: [[12, 9, 10, 2, 20]]
12->21: [[12, 19, 21]]
12->22: [[12, 9, 10, 15, 18, 22]]
13->0: [[13, 2, 0], [13, 4, 0]]
13->1: [[13, 2, 0, 1], [13, 4, 0, 1]]
13->2: [[13, 2]]
13->3: [[13, 2, 0, 3], [13, 4, 0, 3]]
13->4: [[13, 4]]
13->5: [[13, 2, 10, 6, 5], [13, 4, 15, 10, 6, 5]]
13->6: [[13, 2, 10, 6], [13, 4, 15, 10, 6]]
13->7: [[13, 2, 10, 6, 5, 7], [13, 4, 15, 10, 6, 5, 7]]
13->8: [[13, 2, 10, 8], [13, 4, 15, 10, 8]]
13->9: [[13, 2, 10, 9], [13, 4, 15, 10, 9]]
13->10: [[13, 2, 10], [13, 4, 15, 10]]
13->11: [[13, 2, 10, 11], [13, 4, 15, 10, 11]]
13->12: [[13, 2, 10, 9, 12], [13, 4, 15, 10, 9, 12]]
13->14: [[13, 2, 14], [13, 4, 14]]
13->15: [[13, 4, 15]]
13->16: [[13, 16]]
13->17: [[13, 4, 15, 18, 17]]
13->18: [[13, 4, 15, 18]]
13->19: [[13, 2, 10, 11, 19], [13, 4, 15, 10, 11, 19]]
13->20: [[13, 16, 20], [13, 2, 20]]
13->21: [[13, 2, 10, 11, 19, 21], [13, 4, 15, 10, 11, 19, 21]]
13->22: [[13, 4, 15, 18, 22]]
14->0: [[14, 2, 0], [14, 4, 0]]
14->1: [[14, 2, 0, 1], [14, 4, 0, 1]]
14->2: [[14, 2]]
14->3: [[14, 2, 0, 3], [14, 4, 0, 3]]
14->4: [[14, 4]]
14->5: [[14, 10, 6, 5]]
14->6: [[14, 10, 6]]
14->7: [[14, 10, 6, 5, 7]]
14->8: [[14, 8]]
14->9: [[14, 10, 9], [14, 8, 9]]
14->10: [[14, 10]]
14->11: [[14, 10, 11]]
14->12: [[14, 8, 12]]
14->13: [[14, 2, 13], [14, 4, 13]]
14->15: [[14, 10, 15]]
14->16: [[14, 4, 16]]
14->17: [[14, 10, 15, 18, 17]]
14->18: [[14, 10, 15, 18]]
14->19: [[14, 10, 11, 19]]
14->20: [[14, 2, 20]]
14->21: [[14, 10, 11, 19, 21]]
14->22: [[14, 10, 15, 18, 22]]
15->0: [[15, 4, 0]]
15->1: [[15, 4, 0, 1]]
15->2: [[15, 10, 2]]
15->3: [[15, 4, 0, 3]]
15->4: [[15, 4]]
15->5: [[15, 10, 6, 5]]
15->6: [[15, 10, 6]]
15->7: [[15, 10, 6, 5, 7]]
15->8: [[15, 10, 8]]
15->9: [[15, 10, 9]]
15->10: [[15, 10]]
15->11: [[15, 10, 11]]
15->12: [[15, 10, 9, 12]]
15->13: [[15, 4, 13]]
15->14: [[15, 10, 14]]
15->16: [[15, 4, 16]]
15->17: [[15, 18, 17]]
15->18: [[15, 18]]
15->19: [[15, 10, 11, 19]]
15->20: [[15, 4, 16, 20]]
15->21: [[15, 10, 11, 19, 21]]
15->22: [[15, 18, 22]]
16->0: [[16, 4, 0]]
16->1: [[16, 4, 0, 1]]
16->2: [[16, 13, 2], [16, 20, 2]]
16->3: [[16, 4, 0, 3]]
16->4: [[16, 4]]
16->5: [[16, 4, 15, 10, 6, 5]]
16->6: [[16, 4, 15, 10, 6]]
16->7: [[16, 4, 15, 10, 6, 5, 7]]
16->8: [[16, 4, 15, 10, 8]]
16->9: [[16, 4, 15, 10, 9]]
16->10: [[16, 4, 15, 10]]
16->11: [[16, 4, 15, 10, 11]]
16->12: [[16, 4, 15, 10, 9, 12]]
16->13: [[16, 13]]
16->14: [[16, 4, 14]]
16->15: [[16, 4, 15]]
16->17: [[16, 4, 15, 18, 17]]
16->18: [[16, 4, 15, 18]]
16->19: [[16, 4, 15, 10, 11, 19]]
16->20: [[16, 20]]
16->21: [[16, 4, 15, 10, 11, 19, 21]]
16->22: [[16, 4, 15, 18, 22]]
17->0: [[17, 18, 15, 4, 0]]
17->1: [[17, 18, 15, 4, 0, 1]]
17->2: [[17, 18, 15, 10, 2]]
17->3: [[17, 18, 15, 4, 0, 3]]
17->4: [[17, 18, 15, 4]]
17->5: [[17, 18, 15, 10, 6, 5]]
17->6: [[17, 18, 15, 10, 6]]
17->7: [[17, 18, 15, 10, 6, 5, 7]]
17->8: [[17, 18, 15, 10, 8]]
17->9: [[17, 18, 15, 10, 9]]
17->10: [[17, 18, 15, 10]]
17->11: [[17, 18, 15, 10, 11]]
17->12: [[17, 18, 15, 10, 9, 12]]
17->13: [[17, 18, 15, 4, 13]]
17->14: [[17, 18, 15, 10, 14]]
17->15: [[17, 18, 15]]
17->16: [[17, 18, 15, 4, 16]]
17->18: [[17, 18]]
17->19: [[17, 18, 15, 10, 11, 19]]
17->20: [[17, 18, 15, 4, 16, 20]]
17->21: [[17, 18, 15, 10, 11, 19, 21]]
17->22: [[17, 18, 22]]
18->0: [[18, 15, 4, 0]]
18->1: [[18, 15, 4, 0, 1]]
18->2: [[18, 15, 10, 2]]
18->3: [[18, 15, 4, 0, 3]]
18->4: [[18, 15, 4]]
18->5: [[18, 15, 10, 6, 5]]
18->6: [[18, 15, 10, 6]]
18->7: [[18, 15, 10, 6, 5, 7]]
18->8: [[18, 15, 10, 8]]
18->9: [[18, 15, 10, 9]]
18->10: [[18, 15, 10]]
18->11: [[18, 15, 10, 11]]
18->12: [[18, 15, 10, 9, 12]]
18->13: [[18, 15, 4, 13]]
18->14: [[18, 15, 10, 14]]
18->15: [[18, 15]]
18->16: [[18, 15, 4, 16]]
18->17: [[18, 17]]
18->19: [[18, 15, 10, 11, 19]]
18->20: [[18, 15, 4, 16, 20]]
18->21: [[18, 15, 10, 11, 19, 21]]
18->22: [[18, 22]]
19->0: [[19, 11, 10, 2, 0], [19, 11, 10, 15, 4, 0]]
19->1: [[19, 11, 10, 2, 0, 1], [19, 11, 10, 15, 4, 0, 1]]
19->2: [[19, 11, 10, 2]]
19->3: [[19, 11, 10, 2, 0, 3], [19, 11, 10, 15, 4, 0, 3]]
19->4: [[19, 11, 10, 15, 4]]
19->5: [[19, 11, 10, 6, 5]]
19->6: [[19, 11, 10, 6]]
19->7: [[19, 11, 7]]
19->8: [[19, 12, 8]]
19->9: [[19, 12, 9]]
19->10: [[19, 11, 10]]
19->11: [[19, 11]]
19->12: [[19, 12]]
19->13: [[19, 11, 10, 2, 13], [19, 11, 10, 15, 4, 13]]
19->14: [[19, 11, 10, 14]]
19->15: [[19, 11, 10, 15]]
19->16: [[19, 11, 10, 15, 4, 16]]
19->17: [[19, 11, 10, 15, 18, 17]]
19->18: [[19, 11, 10, 15, 18]]
19->20: [[19, 11, 10, 2, 20]]
19->21: [[19, 21]]
19->22: [[19, 11, 10, 15, 18, 22]]
20->0: [[20, 2, 0]]
20->1: [[20, 2, 0, 1]]
20->2: [[20, 2]]
20->3: [[20, 2, 0, 3]]
20->4: [[20, 16, 4]]
20->5: [[20, 2, 10, 6, 5]]
20->6: [[20, 2, 10, 6]]
20->7: [[20, 2, 10, 6, 5, 7]]
20->8: [[20, 2, 10, 8]]
20->9: [[20, 2, 10, 9]]
20->10: [[20, 2, 10]]
20->11: [[20, 2, 10, 11]]
20->12: [[20, 2, 10, 9, 12]]
20->13: [[20, 2, 13], [20, 16, 13]]
20->14: [[20, 2, 14]]
20->15: [[20, 16, 4, 15]]
20->16: [[20, 16]]
20->17: [[20, 16, 4, 15, 18, 17]]
20->18: [[20, 16, 4, 15, 18]]
20->19: [[20, 2, 10, 11, 19]]
20->21: [[20, 2, 10, 11, 19, 21]]
20->22: [[20, 16, 4, 15, 18, 22]]
21->0: [[21, 19, 11, 10, 2, 0], [21, 19, 11, 10, 15, 4, 0]]
21->1: [[21, 19, 11, 10, 2, 0, 1], [21, 19, 11, 10, 15, 4, 0, 1]]
21->2: [[21, 19, 11, 10, 2]]
21->3: [[21, 19, 11, 10, 2, 0, 3], [21, 19, 11, 10, 15, 4, 0, 3]]
21->4: [[21, 19, 11, 10, 15, 4]]
21->5: [[21, 19, 11, 10, 6, 5]]
21->6: [[21, 19, 11, 10, 6]]
21->7: [[21, 19, 11, 7]]
21->8: [[21, 19, 12, 8]]
21->9: [[21, 19, 12, 9]]
21->10: [[21, 19, 11, 10]]
21->11: [[21, 19, 11]]
21->12: [[21, 19, 12]]
21->13: [[21, 19, 11, 10, 2, 13], [21, 19, 11, 10, 15, 4, 13]]
21->14: [[21, 19, 11, 10, 14]]
21->15: [[21, 19, 11, 10, 15]]
21->16: [[21, 19, 11, 10, 15, 4, 16]]
21->17: [[21, 19, 11, 10, 15, 18, 17]]
21->18: [[21, 19, 11, 10, 15, 18]]
21->19: [[21, 19]]
21->20: [[21, 19, 11, 10, 2, 20]]
21->22: [[21, 19, 11, 10, 15, 18, 22]]
22->0: [[22, 18, 15, 4, 0]]
22->1: [[22, 18, 15, 4, 0, 1]]
22->2: [[22, 18, 15, 10, 2]]
22->3: [[22, 18, 15, 4, 0, 3]]
22->4: [[22, 18, 15, 4]]
22->5: [[22, 18, 15, 10, 6, 5]]
22->6: [[22, 18, 15, 10, 6]]
22->7: [[22, 18, 15, 10, 6, 5, 7]]
22->8: [[22, 18, 15, 10, 8]]
22->9: [[22, 18, 15, 10, 9]]
22->10: [[22, 18, 15, 10]]
22->11: [[22, 18, 15, 10, 11]]
22->12: [[22, 18, 15, 10, 9, 12]]
22->13: [[22, 18, 15, 4, 13]]
22->14: [[22, 18, 15, 10, 14]]
22->15: [[22, 18, 15]]
22->16: [[22, 18, 15, 4, 16]]
22->17: [[22, 18, 17]]
22->18: [[22, 18]]
22->19: [[22, 18, 15, 10, 11, 19]]
22->20: [[22, 18, 15, 4, 16, 20]]
22->21: [[22, 18, 15, 10, 11, 19, 21]]
