Node_num: 44	Edge_num: 166
Link_index	Source	Destination	Weights	Bandwidth
0	0	1	5	500
1	0	2	13	500
2	0	3	12	500
3	0	4	18	500
4	5	6	9	500
5	5	7	6	500
6	5	3	8	500
7	8	6	4	500
8	9	3	5	500
9	11	12	4	500
10	11	5	5	500
11	11	13	2	500
12	11	6	15	500
13	14	3	2	500
14	15	16	4	500
15	17	1	14	500
16	17	18	6	500
17	14	19	2	500
18	2	0	13	500
19	2	20	11	500
20	2	21	12	500
21	22	7	9	500
22	22	23	4	500
23	22	24	2	500
24	25	20	2	500
25	27	28	2	500
26	20	28	2	500
27	29	18	4	500
28	8	19	11	500
29	8	4	2	500
30	1	0	5	500
31	1	17	14	500
32	1	8	4	500
33	1	6	12	500
34	1	30	2	500
35	8	3	31	500
36	10	26	15	500
37	10	4	13	500
38	19	31	4	500
39	19	3	8	500
40	19	6	13	500
41	19	4	16	500
42	19	8	11	500
43	2	32	4	500
44	2	33	13	500
45	4	20	10	500
46	4	8	2	500
47	4	6	15	500
48	4	34	10	500
49	4	19	16	500
50	20	25	2	500
51	20	2	11	500
52	20	4	10	500
53	20	8	27	500
54	12	11	4	500
55	8	26	18	500
56	8	1	4	500
57	8	28	9	500
58	8	31	13	500
59	28	26	24	500
60	28	8	9	500
61	28	6	13	500
62	28	27	2	500
63	4	32	7	500
64	4	28	12	500
65	4	10	13	500
66	4	18	22	500
67	4	0	18	500
68	26	6	12	500
69	26	8	18	500
70	26	18	13	500
71	23	22	4	500
72	0	18	6	500
73	28	4	12	500
74	28	32	13	500
75	35	21	4	500
76	3	6	7	500
77	3	9	5	500
78	3	0	12	500
79	3	19	8	500
80	3	5	8	500
81	3	26	9	500
82	13	11	2	500
83	26	10	15	500
84	26	28	24	500
85	30	1	2	500
86	20	19	2	500
87	15	36	4	500
88	22	36	6	500
89	3	37	4	500
90	3	14	2	500
91	3	38	2	500
92	26	34	4	500
93	19	14	2	500
94	16	36	4	500
95	6	3	7	500
96	26	3	9	500
97	8	39	4	500
98	8	0	15	500
99	8	20	27	500
100	12	23	4	500
101	31	19	4	500
102	32	2	4	500
103	32	4	7	500
104	7	40	4	500
105	7	5	6	500
106	7	22	9	500
107	32	28	13	500
108	31	8	13	500
109	6	11	15	500
110	18	26	13	500
111	18	0	6	500
112	18	4	22	500
113	18	29	4	500
114	36	15	4	500
115	36	22	6	500
116	34	26	4	500
117	34	41	4	500
118	34	6	15	500
119	34	4	10	500
120	38	3	2	500
121	40	7	4	500
122	37	3	4	500
123	6	26	12	500
124	6	8	4	500
125	6	1	12	500
126	6	28	13	500
127	6	31	17	500
128	6	4	15	500
129	41	34	4	500
130	21	35	4	500
131	21	18	14	500
132	35	18	4	500
133	16	11	4	500
134	16	15	4	500
135	24	22	2	500
136	18	1	13	500
137	21	2	12	500
138	21	42	4	500
139	18	17	6	500
140	18	21	14	500
141	18	33	4	500
142	1	18	13	500
143	6	19	13	500
144	6	5	9	500
145	43	0	2	500
146	5	11	5	500
147	36	16	4	500
148	7	11	5	500
149	11	7	5	500
150	11	16	4	500
151	39	8	4	500
152	31	6	17	500
153	19	20	2	500
154	6	34	15	500
155	18	35	4	500
156	0	8	15	500
157	0	43	2	500
158	2	10	26	500
159	42	21	4	500
160	10	2	26	500
161	3	8	31	500
162	33	2	13	500
163	33	18	4	500
164	23	12	4	500
165	28	20	2	500