0->1: [[0, 1]]
0->2: [[0, 2]]
0->3: [[0, 3]]
0->4: [[0, 1, 8, 4]]
0->5: [[0, 3, 5]]
0->6: [[0, 1, 8, 6]]
0->7: [[0, 3, 5, 7]]
0->8: [[0, 1, 8]]
0->9: [[0, 3, 9]]
0->10: [[0, 1, 8, 4, 10]]
0->11: [[0, 3, 5, 11]]
0->12: [[0, 3, 5, 11, 12]]
0->13: [[0, 3, 5, 11, 13]]
0->14: [[0, 3, 14]]
0->15: [[0, 3, 5, 11, 16, 15]]
0->16: [[0, 3, 5, 11, 16]]
0->17: [[0, 18, 17]]
0->18: [[0, 18]]
0->19: [[0, 3, 14, 19]]
0->20: [[0, 3, 14, 19, 20]]
0->21: [[0, 18, 35, 21]]
0->22: [[0, 3, 5, 7, 22]]
0->23: [[0, 3, 5, 11, 12, 23]]
0->24: [[0, 3, 5, 7, 22, 24]]
0->25: [[0, 3, 14, 19, 20, 25]]
0->26: [[0, 18, 26]]
0->27: [[0, 1, 8, 28, 27]]
0->28: [[0, 1, 8, 28]]
0->29: [[0, 18, 29]]
0->30: [[0, 1, 30]]
0->31: [[0, 3, 14, 19, 31]]
0->32: [[0, 2, 32]]
0->33: [[0, 18, 33]]
0->34: [[0, 1, 8, 4, 34]]
0->35: [[0, 18, 35]]
0->36: [[0, 3, 5, 11, 16, 36]]
0->37: [[0, 3, 37]]
0->38: [[0, 3, 38]]
0->39: [[0, 1, 8, 39]]
0->40: [[0, 3, 5, 7, 40]]
0->41: [[0, 1, 8, 4, 34, 41]]
0->42: [[0, 18, 35, 21, 42]]
0->43: [[0, 43]]
1->0: [[1, 0]]
1->2: [[1, 8, 4, 32, 2]]
1->3: [[1, 8, 6, 3]]
1->4: [[1, 8, 4]]
1->5: [[1, 8, 6, 5]]
1->6: [[1, 8, 6]]
1->7: [[1, 8, 6, 5, 7]]
1->8: [[1, 8]]
1->9: [[1, 8, 6, 3, 9]]
1->10: [[1, 8, 4, 10]]
1->11: [[1, 8, 6, 5, 11]]
1->12: [[1, 8, 6, 5, 11, 12]]
1->13: [[1, 8, 6, 5, 11, 13]]
1->14: [[1, 8, 19, 14], [1, 8, 6, 3, 14]]
1->15: [[1, 8, 6, 5, 11, 16, 15]]
1->16: [[1, 8, 6, 5, 11, 16]]
1->17: [[1, 17]]
1->18: [[1, 0, 18]]
1->19: [[1, 8, 19]]
1->20: [[1, 8, 28, 20]]
1->21: [[1, 0, 18, 35, 21]]
1->22: [[1, 8, 6, 5, 7, 22]]
1->23: [[1, 8, 6, 5, 11, 12, 23]]
1->24: [[1, 8, 6, 5, 7, 22, 24]]
1->25: [[1, 8, 28, 20, 25]]
1->26: [[1, 8, 6, 26], [1, 8, 4, 34, 26]]
1->27: [[1, 8, 28, 27]]
1->28: [[1, 8, 28]]
1->29: [[1, 0, 18, 29]]
1->30: [[1, 30]]
1->31: [[1, 8, 31]]
1->32: [[1, 8, 4, 32]]
1->33: [[1, 0, 18, 33]]
1->34: [[1, 8, 4, 34]]
1->35: [[1, 0, 18, 35]]
1->36: [[1, 8, 6, 5, 11, 16, 36]]
1->37: [[1, 8, 6, 3, 37]]
1->38: [[1, 8, 6, 3, 38]]
1->39: [[1, 8, 39]]
1->40: [[1, 8, 6, 5, 7, 40]]
1->41: [[1, 8, 4, 34, 41]]
1->42: [[1, 0, 18, 35, 21, 42]]
1->43: [[1, 0, 43]]
2->0: [[2, 0]]
2->1: [[2, 32, 4, 8, 1]]
2->3: [[2, 20, 19, 14, 3]]
2->4: [[2, 32, 4]]
2->5: [[2, 20, 19, 14, 3, 5]]
2->6: [[2, 32, 4, 8, 6]]
2->7: [[2, 20, 19, 14, 3, 5, 7]]
2->8: [[2, 32, 4, 8]]
2->9: [[2, 20, 19, 14, 3, 9]]
2->10: [[2, 32, 4, 10]]
2->11: [[2, 20, 19, 14, 3, 5, 11]]
2->12: [[2, 20, 19, 14, 3, 5, 11, 12]]
2->13: [[2, 20, 19, 14, 3, 5, 11, 13]]
2->14: [[2, 20, 19, 14]]
2->15: [[2, 20, 19, 14, 3, 5, 11, 16, 15]]
2->16: [[2, 20, 19, 14, 3, 5, 11, 16]]
2->17: [[2, 33, 18, 17]]
2->18: [[2, 33, 18]]
2->19: [[2, 20, 19]]
2->20: [[2, 20]]
2->21: [[2, 21]]
2->22: [[2, 20, 19, 14, 3, 5, 7, 22]]
2->23: [[2, 20, 19, 14, 3, 5, 11, 12, 23]]
2->24: [[2, 20, 19, 14, 3, 5, 7, 22, 24]]
2->25: [[2, 20, 25]]
2->26: [[2, 32, 4, 34, 26]]
2->27: [[2, 20, 28, 27]]
2->28: [[2, 20, 28]]
2->29: [[2, 33, 18, 29]]
2->30: [[2, 32, 4, 8, 1, 30]]
2->31: [[2, 20, 19, 31]]
2->32: [[2, 32]]
2->33: [[2, 33]]
2->34: [[2, 32, 4, 34]]
2->35: [[2, 21, 35]]
2->36: [[2, 20, 19, 14, 3, 5, 11, 16, 36]]
2->37: [[2, 20, 19, 14, 3, 37]]
2->38: [[2, 20, 19, 14, 3, 38]]
2->39: [[2, 32, 4, 8, 39]]
2->40: [[2, 20, 19, 14, 3, 5, 7, 40]]
2->41: [[2, 32, 4, 34, 41]]
2->42: [[2, 21, 42]]
2->43: [[2, 0, 43]]
3->0: [[3, 0]]
3->1: [[3, 6, 8, 1]]
3->2: [[3, 14, 19, 20, 2]]
3->4: [[3, 6, 8, 4]]
3->5: [[3, 5]]
3->6: [[3, 6]]
3->7: [[3, 5, 7]]
3->8: [[3, 6, 8]]
3->9: [[3, 9]]
3->10: [[3, 26, 10]]
3->11: [[3, 5, 11]]
3->12: [[3, 5, 11, 12]]
3->13: [[3, 5, 11, 13]]
3->14: [[3, 14]]
3->15: [[3, 5, 11, 16, 15]]
3->16: [[3, 5, 11, 16]]
3->17: [[3, 0, 18, 17]]
3->18: [[3, 0, 18]]
3->19: [[3, 14, 19]]
3->20: [[3, 14, 19, 20]]
3->21: [[3, 0, 18, 35, 21]]
3->22: [[3, 5, 7, 22]]
3->23: [[3, 5, 11, 12, 23]]
3->24: [[3, 5, 7, 22, 24]]
3->25: [[3, 14, 19, 20, 25]]
3->26: [[3, 26]]
3->27: [[3, 14, 19, 20, 28, 27]]
3->28: [[3, 14, 19, 20, 28]]
3->29: [[3, 0, 18, 29]]
3->30: [[3, 6, 8, 1, 30]]
3->31: [[3, 14, 19, 31]]
3->32: [[3, 6, 8, 4, 32]]
3->33: [[3, 0, 18, 33]]
3->34: [[3, 26, 34]]
3->35: [[3, 0, 18, 35]]
3->36: [[3, 5, 11, 16, 36]]
3->37: [[3, 37]]
3->38: [[3, 38]]
3->39: [[3, 6, 8, 39]]
3->40: [[3, 5, 7, 40]]
3->41: [[3, 26, 34, 41]]
3->42: [[3, 0, 18, 35, 21, 42]]
3->43: [[3, 0, 43]]
4->0: [[4, 8, 1, 0]]
4->1: [[4, 8, 1]]
4->2: [[4, 32, 2]]
4->3: [[4, 8, 6, 3]]
4->5: [[4, 8, 6, 5]]
4->6: [[4, 8, 6]]
4->7: [[4, 8, 6, 5, 7]]
4->8: [[4, 8]]
4->9: [[4, 8, 6, 3, 9]]
4->10: [[4, 10]]
4->11: [[4, 8, 6, 5, 11]]
4->12: [[4, 8, 6, 5, 11, 12]]
4->13: [[4, 8, 6, 5, 11, 13]]
4->14: [[4, 20, 19, 14]]
4->15: [[4, 8, 6, 5, 11, 16, 15]]
4->16: [[4, 8, 6, 5, 11, 16]]
4->17: [[4, 8, 1, 17]]
4->18: [[4, 8, 1, 0, 18]]
4->19: [[4, 20, 19]]
4->20: [[4, 20]]
4->21: [[4, 32, 2, 21]]
4->22: [[4, 8, 6, 5, 7, 22]]
4->23: [[4, 8, 6, 5, 11, 12, 23]]
4->24: [[4, 8, 6, 5, 7, 22, 24]]
4->25: [[4, 20, 25]]
4->26: [[4, 34, 26]]
4->27: [[4, 8, 28, 27]]
4->28: [[4, 8, 28]]
4->29: [[4, 8, 1, 0, 18, 29]]
4->30: [[4, 8, 1, 30]]
4->31: [[4, 8, 31]]
4->32: [[4, 32]]
4->33: [[4, 8, 1, 0, 18, 33]]
4->34: [[4, 34]]
4->35: [[4, 8, 1, 0, 18, 35]]
4->36: [[4, 8, 6, 5, 11, 16, 36]]
4->37: [[4, 8, 6, 3, 37]]
4->38: [[4, 8, 6, 3, 38]]
4->39: [[4, 8, 39]]
4->40: [[4, 8, 6, 5, 7, 40]]
4->41: [[4, 34, 41]]
4->42: [[4, 32, 2, 21, 42]]
4->43: [[4, 8, 1, 0, 43]]
5->0: [[5, 3, 0]]
5->1: [[5, 6, 8, 1]]
5->2: [[5, 3, 14, 19, 20, 2]]
5->3: [[5, 3]]
5->4: [[5, 6, 8, 4]]
5->6: [[5, 6]]
5->7: [[5, 7]]
5->8: [[5, 6, 8]]
5->9: [[5, 3, 9]]
5->10: [[5, 6, 8, 4, 10]]
5->11: [[5, 11]]
5->12: [[5, 11, 12]]
5->13: [[5, 11, 13]]
5->14: [[5, 3, 14]]
5->15: [[5, 11, 16, 15]]
5->16: [[5, 11, 16]]
5->17: [[5, 6, 8, 1, 17]]
5->18: [[5, 3, 0, 18]]
5->19: [[5, 3, 14, 19]]
5->20: [[5, 3, 14, 19, 20]]
5->21: [[5, 3, 0, 18, 35, 21]]
5->22: [[5, 7, 22]]
5->23: [[5, 11, 12, 23]]
5->24: [[5, 7, 22, 24]]
5->25: [[5, 3, 14, 19, 20, 25]]
5->26: [[5, 3, 26]]
5->27: [[5, 3, 14, 19, 20, 28, 27]]
5->28: [[5, 3, 14, 19, 20, 28]]
5->29: [[5, 3, 0, 18, 29]]
5->30: [[5, 6, 8, 1, 30]]
5->31: [[5, 3, 14, 19, 31]]
5->32: [[5, 6, 8, 4, 32]]
5->33: [[5, 3, 0, 18, 33]]
5->34: [[5, 3, 26, 34]]
5->35: [[5, 3, 0, 18, 35]]
5->36: [[5, 11, 16, 36]]
5->37: [[5, 3, 37]]
5->38: [[5, 3, 38]]
5->39: [[5, 6, 8, 39]]
5->40: [[5, 7, 40]]
5->41: [[5, 3, 26, 34, 41]]
5->42: [[5, 3, 0, 18, 35, 21, 42]]
5->43: [[5, 3, 0, 43]]
6->0: [[6, 8, 1, 0]]
6->1: [[6, 8, 1]]
6->2: [[6, 8, 4, 32, 2]]
6->3: [[6, 3]]
6->4: [[6, 8, 4]]
6->5: [[6, 5]]
6->7: [[6, 5, 7]]
6->8: [[6, 8]]
6->9: [[6, 3, 9]]
6->10: [[6, 8, 4, 10]]
6->11: [[6, 5, 11]]
6->12: [[6, 5, 11, 12]]
6->13: [[6, 5, 11, 13]]
6->14: [[6, 3, 14]]
6->15: [[6, 5, 11, 16, 15]]
6->16: [[6, 5, 11, 16]]
6->17: [[6, 8, 1, 17]]
6->18: [[6, 8, 1, 0, 18]]
6->19: [[6, 3, 14, 19]]
6->20: [[6, 3, 14, 19, 20]]
6->21: [[6, 8, 1, 0, 18, 35, 21]]
6->22: [[6, 5, 7, 22]]
6->23: [[6, 5, 11, 12, 23]]
6->24: [[6, 5, 7, 22, 24]]
6->25: [[6, 3, 14, 19, 20, 25]]
6->26: [[6, 26]]
6->27: [[6, 28, 27], [6, 8, 28, 27]]
6->28: [[6, 28], [6, 8, 28]]
6->29: [[6, 8, 1, 0, 18, 29]]
6->30: [[6, 8, 1, 30]]
6->31: [[6, 3, 14, 19, 31]]
6->32: [[6, 8, 4, 32]]
6->33: [[6, 8, 1, 0, 18, 33]]
6->34: [[6, 34]]
6->35: [[6, 8, 1, 0, 18, 35]]
6->36: [[6, 5, 11, 16, 36]]
6->37: [[6, 3, 37]]
6->38: [[6, 3, 38]]
6->39: [[6, 8, 39]]
6->40: [[6, 5, 7, 40]]
6->41: [[6, 34, 41]]
6->42: [[6, 8, 1, 0, 18, 35, 21, 42]]
6->43: [[6, 8, 1, 0, 43]]
7->0: [[7, 5, 3, 0]]
7->1: [[7, 5, 6, 8, 1]]
7->2: [[7, 5, 3, 14, 19, 20, 2]]
7->3: [[7, 5, 3]]
7->4: [[7, 5, 6, 8, 4]]
7->5: [[7, 5]]
7->6: [[7, 5, 6]]
7->8: [[7, 5, 6, 8]]
7->9: [[7, 5, 3, 9]]
7->10: [[7, 5, 6, 8, 4, 10]]
7->11: [[7, 11]]
7->12: [[7, 11, 12]]
7->13: [[7, 11, 13]]
7->14: [[7, 5, 3, 14]]
7->15: [[7, 11, 16, 15]]
7->16: [[7, 11, 16]]
7->17: [[7, 5, 6, 8, 1, 17]]
7->18: [[7, 5, 3, 0, 18]]
7->19: [[7, 5, 3, 14, 19]]
7->20: [[7, 5, 3, 14, 19, 20]]
7->21: [[7, 5, 3, 0, 18, 35, 21]]
7->22: [[7, 22]]
7->23: [[7, 22, 23], [7, 11, 12, 23]]
7->24: [[7, 22, 24]]
7->25: [[7, 5, 3, 14, 19, 20, 25]]
7->26: [[7, 5, 3, 26]]
7->27: [[7, 5, 3, 14, 19, 20, 28, 27]]
7->28: [[7, 5, 3, 14, 19, 20, 28]]
7->29: [[7, 5, 3, 0, 18, 29]]
7->30: [[7, 5, 6, 8, 1, 30]]
7->31: [[7, 5, 3, 14, 19, 31]]
7->32: [[7, 5, 6, 8, 4, 32]]
7->33: [[7, 5, 3, 0, 18, 33]]
7->34: [[7, 5, 3, 26, 34]]
7->35: [[7, 5, 3, 0, 18, 35]]
7->36: [[7, 11, 16, 36]]
7->37: [[7, 5, 3, 37]]
7->38: [[7, 5, 3, 38]]
7->39: [[7, 5, 6, 8, 39]]
7->40: [[7, 40]]
7->41: [[7, 5, 3, 26, 34, 41]]
7->42: [[7, 5, 3, 0, 18, 35, 21, 42]]
7->43: [[7, 5, 3, 0, 43]]
8->0: [[8, 1, 0]]
8->1: [[8, 1]]
8->2: [[8, 4, 32, 2]]
8->3: [[8, 6, 3]]
8->4: [[8, 4]]
8->5: [[8, 6, 5]]
8->6: [[8, 6]]
8->7: [[8, 6, 5, 7]]
8->9: [[8, 6, 3, 9]]
8->10: [[8, 4, 10]]
8->11: [[8, 6, 5, 11]]
8->12: [[8, 6, 5, 11, 12]]
8->13: [[8, 6, 5, 11, 13]]
8->14: [[8, 19, 14], [8, 6, 3, 14]]
8->15: [[8, 6, 5, 11, 16, 15]]
8->16: [[8, 6, 5, 11, 16]]
8->17: [[8, 1, 17]]
8->18: [[8, 1, 0, 18]]
8->19: [[8, 19]]
8->20: [[8, 28, 20]]
8->21: [[8, 1, 0, 18, 35, 21]]
8->22: [[8, 6, 5, 7, 22]]
8->23: [[8, 6, 5, 11, 12, 23]]
8->24: [[8, 6, 5, 7, 22, 24]]
8->25: [[8, 28, 20, 25]]
8->26: [[8, 6, 26], [8, 4, 34, 26]]
8->27: [[8, 28, 27]]
8->28: [[8, 28]]
8->29: [[8, 1, 0, 18, 29]]
8->30: [[8, 1, 30]]
8->31: [[8, 31]]
8->32: [[8, 4, 32]]
8->33: [[8, 1, 0, 18, 33]]
8->34: [[8, 4, 34]]
8->35: [[8, 1, 0, 18, 35]]
8->36: [[8, 6, 5, 11, 16, 36]]
8->37: [[8, 6, 3, 37]]
8->38: [[8, 6, 3, 38]]
8->39: [[8, 39]]
8->40: [[8, 6, 5, 7, 40]]
8->41: [[8, 4, 34, 41]]
8->42: [[8, 1, 0, 18, 35, 21, 42]]
8->43: [[8, 1, 0, 43]]
9->0: [[9, 3, 0]]
9->1: [[9, 3, 6, 8, 1]]
9->2: [[9, 3, 14, 19, 20, 2]]
9->3: [[9, 3]]
9->4: [[9, 3, 6, 8, 4]]
9->5: [[9, 3, 5]]
9->6: [[9, 3, 6]]
9->7: [[9, 3, 5, 7]]
9->8: [[9, 3, 6, 8]]
9->10: [[9, 3, 26, 10]]
9->11: [[9, 3, 5, 11]]
9->12: [[9, 3, 5, 11, 12]]
9->13: [[9, 3, 5, 11, 13]]
9->14: [[9, 3, 14]]
9->15: [[9, 3, 5, 11, 16, 15]]
9->16: [[9, 3, 5, 11, 16]]
9->17: [[9, 3, 0, 18, 17]]
9->18: [[9, 3, 0, 18]]
9->19: [[9, 3, 14, 19]]
9->20: [[9, 3, 14, 19, 20]]
9->21: [[9, 3, 0, 18, 35, 21]]
9->22: [[9, 3, 5, 7, 22]]
9->23: [[9, 3, 5, 11, 12, 23]]
9->24: [[9, 3, 5, 7, 22, 24]]
9->25: [[9, 3, 14, 19, 20, 25]]
9->26: [[9, 3, 26]]
9->27: [[9, 3, 14, 19, 20, 28, 27]]
9->28: [[9, 3, 14, 19, 20, 28]]
9->29: [[9, 3, 0, 18, 29]]
9->30: [[9, 3, 6, 8, 1, 30]]
9->31: [[9, 3, 14, 19, 31]]
9->32: [[9, 3, 6, 8, 4, 32]]
9->33: [[9, 3, 0, 18, 33]]
9->34: [[9, 3, 26, 34]]
9->35: [[9, 3, 0, 18, 35]]
9->36: [[9, 3, 5, 11, 16, 36]]
9->37: [[9, 3, 37]]
9->38: [[9, 3, 38]]
9->39: [[9, 3, 6, 8, 39]]
9->40: [[9, 3, 5, 7, 40]]
9->41: [[9, 3, 26, 34, 41]]
9->42: [[9, 3, 0, 18, 35, 21, 42]]
9->43: [[9, 3, 0, 43]]
10->0: [[10, 4, 8, 1, 0]]
10->1: [[10, 4, 8, 1]]
10->2: [[10, 4, 32, 2]]
10->3: [[10, 26, 3]]
10->4: [[10, 4]]
10->5: [[10, 4, 8, 6, 5]]
10->6: [[10, 4, 8, 6]]
10->7: [[10, 4, 8, 6, 5, 7]]
10->8: [[10, 4, 8]]
10->9: [[10, 26, 3, 9]]
10->11: [[10, 4, 8, 6, 5, 11]]
10->12: [[10, 4, 8, 6, 5, 11, 12]]
10->13: [[10, 4, 8, 6, 5, 11, 13]]
10->14: [[10, 26, 3, 14]]
10->15: [[10, 4, 8, 6, 5, 11, 16, 15]]
10->16: [[10, 4, 8, 6, 5, 11, 16]]
10->17: [[10, 4, 8, 1, 17]]
10->18: [[10, 26, 18]]
10->19: [[10, 4, 20, 19]]
10->20: [[10, 4, 20]]
10->21: [[10, 4, 32, 2, 21], [10, 26, 18, 35, 21]]
10->22: [[10, 4, 8, 6, 5, 7, 22]]
10->23: [[10, 4, 8, 6, 5, 11, 12, 23]]
10->24: [[10, 4, 8, 6, 5, 7, 22, 24]]
10->25: [[10, 4, 20, 25]]
10->26: [[10, 26]]
10->27: [[10, 4, 8, 28, 27]]
10->28: [[10, 4, 8, 28]]
10->29: [[10, 26, 18, 29]]
10->30: [[10, 4, 8, 1, 30]]
10->31: [[10, 4, 8, 31]]
10->32: [[10, 4, 32]]
10->33: [[10, 26, 18, 33]]
10->34: [[10, 26, 34]]
10->35: [[10, 26, 18, 35]]
10->36: [[10, 4, 8, 6, 5, 11, 16, 36]]
10->37: [[10, 26, 3, 37]]
10->38: [[10, 26, 3, 38]]
10->39: [[10, 4, 8, 39]]
10->40: [[10, 4, 8, 6, 5, 7, 40]]
10->41: [[10, 26, 34, 41]]
10->42: [[10, 4, 32, 2, 21, 42], [10, 26, 18, 35, 21, 42]]
10->43: [[10, 4, 8, 1, 0, 43]]
11->0: [[11, 5, 3, 0]]
11->1: [[11, 5, 6, 8, 1]]
11->2: [[11, 5, 3, 14, 19, 20, 2]]
11->3: [[11, 5, 3]]
11->4: [[11, 5, 6, 8, 4]]
11->5: [[11, 5]]
11->6: [[11, 5, 6]]
11->7: [[11, 7]]
11->8: [[11, 5, 6, 8]]
11->9: [[11, 5, 3, 9]]
11->10: [[11, 5, 6, 8, 4, 10]]
11->12: [[11, 12]]
11->13: [[11, 13]]
11->14: [[11, 5, 3, 14]]
11->15: [[11, 16, 15]]
11->16: [[11, 16]]
11->17: [[11, 5, 6, 8, 1, 17]]
11->18: [[11, 5, 3, 0, 18]]
11->19: [[11, 5, 3, 14, 19]]
11->20: [[11, 5, 3, 14, 19, 20]]
11->21: [[11, 5, 3, 0, 18, 35, 21]]
11->22: [[11, 12, 23, 22]]
11->23: [[11, 12, 23]]
11->24: [[11, 12, 23, 22, 24]]
11->25: [[11, 5, 3, 14, 19, 20, 25]]
11->26: [[11, 5, 3, 26]]
11->27: [[11, 5, 3, 14, 19, 20, 28, 27]]
11->28: [[11, 5, 3, 14, 19, 20, 28]]
11->29: [[11, 5, 3, 0, 18, 29]]
11->30: [[11, 5, 6, 8, 1, 30]]
11->31: [[11, 5, 3, 14, 19, 31]]
11->32: [[11, 5, 6, 8, 4, 32]]
11->33: [[11, 5, 3, 0, 18, 33]]
11->34: [[11, 5, 3, 26, 34]]
11->35: [[11, 5, 3, 0, 18, 35]]
11->36: [[11, 16, 36]]
11->37: [[11, 5, 3, 37]]
11->38: [[11, 5, 3, 38]]
11->39: [[11, 5, 6, 8, 39]]
11->40: [[11, 7, 40]]
11->41: [[11, 5, 3, 26, 34, 41]]
11->42: [[11, 5, 3, 0, 18, 35, 21, 42]]
11->43: [[11, 5, 3, 0, 43]]
12->0: [[12, 11, 5, 3, 0]]
12->1: [[12, 11, 5, 6, 8, 1]]
12->2: [[12, 11, 5, 3, 14, 19, 20, 2]]
12->3: [[12, 11, 5, 3]]
12->4: [[12, 11, 5, 6, 8, 4]]
12->5: [[12, 11, 5]]
12->6: [[12, 11, 5, 6]]
12->7: [[12, 11, 7]]
12->8: [[12, 11, 5, 6, 8]]
12->9: [[12, 11, 5, 3, 9]]
12->10: [[12, 11, 5, 6, 8, 4, 10]]
12->11: [[12, 11]]
12->13: [[12, 11, 13]]
12->14: [[12, 11, 5, 3, 14]]
12->15: [[12, 11, 16, 15]]
12->16: [[12, 11, 16]]
12->17: [[12, 11, 5, 6, 8, 1, 17]]
12->18: [[12, 11, 5, 3, 0, 18]]
12->19: [[12, 11, 5, 3, 14, 19]]
12->20: [[12, 11, 5, 3, 14, 19, 20]]
12->21: [[12, 11, 5, 3, 0, 18, 35, 21]]
12->22: [[12, 23, 22]]
12->23: [[12, 23]]
12->24: [[12, 23, 22, 24]]
12->25: [[12, 11, 5, 3, 14, 19, 20, 25]]
12->26: [[12, 11, 5, 3, 26]]
12->27: [[12, 11, 5, 3, 14, 19, 20, 28, 27]]
12->28: [[12, 11, 5, 3, 14, 19, 20, 28]]
12->29: [[12, 11, 5, 3, 0, 18, 29]]
12->30: [[12, 11, 5, 6, 8, 1, 30]]
12->31: [[12, 11, 5, 3, 14, 19, 31]]
12->32: [[12, 11, 5, 6, 8, 4, 32]]
12->33: [[12, 11, 5, 3, 0, 18, 33]]
12->34: [[12, 11, 5, 3, 26, 34]]
12->35: [[12, 11, 5, 3, 0, 18, 35]]
12->36: [[12, 11, 16, 36]]
12->37: [[12, 11, 5, 3, 37]]
12->38: [[12, 11, 5, 3, 38]]
12->39: [[12, 11, 5, 6, 8, 39]]
12->40: [[12, 11, 7, 40]]
12->41: [[12, 11, 5, 3, 26, 34, 41]]
12->42: [[12, 11, 5, 3, 0, 18, 35, 21, 42]]
12->43: [[12, 11, 5, 3, 0, 43]]
13->0: [[13, 11, 5, 3, 0]]
13->1: [[13, 11, 5, 6, 8, 1]]
13->2: [[13, 11, 5, 3, 14, 19, 20, 2]]
13->3: [[13, 11, 5, 3]]
13->4: [[13, 11, 5, 6, 8, 4]]
13->5: [[13, 11, 5]]
13->6: [[13, 11, 5, 6]]
13->7: [[13, 11, 7]]
13->8: [[13, 11, 5, 6, 8]]
13->9: [[13, 11, 5, 3, 9]]
13->10: [[13, 11, 5, 6, 8, 4, 10]]
13->11: [[13, 11]]
13->12: [[13, 11, 12]]
13->14: [[13, 11, 5, 3, 14]]
13->15: [[13, 11, 16, 15]]
13->16: [[13, 11, 16]]
13->17: [[13, 11, 5, 6, 8, 1, 17]]
13->18: [[13, 11, 5, 3, 0, 18]]
13->19: [[13, 11, 5, 3, 14, 19]]
13->20: [[13, 11, 5, 3, 14, 19, 20]]
13->21: [[13, 11, 5, 3, 0, 18, 35, 21]]
13->22: [[13, 11, 12, 23, 22]]
13->23: [[13, 11, 12, 23]]
13->24: [[13, 11, 12, 23, 22, 24]]
13->25: [[13, 11, 5, 3, 14, 19, 20, 25]]
13->26: [[13, 11, 5, 3, 26]]
13->27: [[13, 11, 5, 3, 14, 19, 20, 28, 27]]
13->28: [[13, 11, 5, 3, 14, 19, 20, 28]]
13->29: [[13, 11, 5, 3, 0, 18, 29]]
13->30: [[13, 11, 5, 6, 8, 1, 30]]
13->31: [[13, 11, 5, 3, 14, 19, 31]]
13->32: [[13, 11, 5, 6, 8, 4, 32]]
13->33: [[13, 11, 5, 3, 0, 18, 33]]
13->34: [[13, 11, 5, 3, 26, 34]]
13->35: [[13, 11, 5, 3, 0, 18, 35]]
13->36: [[13, 11, 16, 36]]
13->37: [[13, 11, 5, 3, 37]]
13->38: [[13, 11, 5, 3, 38]]
13->39: [[13, 11, 5, 6, 8, 39]]
13->40: [[13, 11, 7, 40]]
13->41: [[13, 11, 5, 3, 26, 34, 41]]
13->42: [[13, 11, 5, 3, 0, 18, 35, 21, 42]]
13->43: [[13, 11, 5, 3, 0, 43]]
14->0: [[14, 3, 0]]
14->1: [[14, 19, 8, 1], [14, 3, 6, 8, 1]]
14->2: [[14, 19, 20, 2]]
14->3: [[14, 3]]
14->4: [[14, 19, 20, 4]]
14->5: [[14, 3, 5]]
14->6: [[14, 3, 6]]
14->7: [[14, 3, 5, 7]]
14->8: [[14, 19, 8], [14, 3, 6, 8]]
14->9: [[14, 3, 9]]
14->10: [[14, 3, 26, 10]]
14->11: [[14, 3, 5, 11]]
14->12: [[14, 3, 5, 11, 12]]
14->13: [[14, 3, 5, 11, 13]]
14->15: [[14, 3, 5, 11, 16, 15]]
14->16: [[14, 3, 5, 11, 16]]
14->17: [[14, 3, 0, 18, 17]]
14->18: [[14, 3, 0, 18]]
14->19: [[14, 19]]
14->20: [[14, 19, 20]]
14->21: [[14, 19, 20, 2, 21]]
14->22: [[14, 3, 5, 7, 22]]
14->23: [[14, 3, 5, 11, 12, 23]]
14->24: [[14, 3, 5, 7, 22, 24]]
14->25: [[14, 19, 20, 25]]
14->26: [[14, 3, 26]]
14->27: [[14, 19, 20, 28, 27]]
14->28: [[14, 19, 20, 28]]
14->29: [[14, 3, 0, 18, 29]]
14->30: [[14, 19, 8, 1, 30], [14, 3, 6, 8, 1, 30]]
14->31: [[14, 19, 31]]
14->32: [[14, 19, 20, 28, 32], [14, 19, 20, 2, 32]]
14->33: [[14, 3, 0, 18, 33]]
14->34: [[14, 3, 26, 34]]
14->35: [[14, 3, 0, 18, 35]]
14->36: [[14, 3, 5, 11, 16, 36]]
14->37: [[14, 3, 37]]
14->38: [[14, 3, 38]]
14->39: [[14, 19, 8, 39], [14, 3, 6, 8, 39]]
14->40: [[14, 3, 5, 7, 40]]
14->41: [[14, 3, 26, 34, 41]]
14->42: [[14, 19, 20, 2, 21, 42]]
14->43: [[14, 3, 0, 43]]
15->0: [[15, 16, 11, 5, 3, 0]]
15->1: [[15, 16, 11, 5, 6, 8, 1]]
15->2: [[15, 16, 11, 5, 3, 14, 19, 20, 2]]
15->3: [[15, 16, 11, 5, 3]]
15->4: [[15, 16, 11, 5, 6, 8, 4]]
15->5: [[15, 16, 11, 5]]
15->6: [[15, 16, 11, 5, 6]]
15->7: [[15, 16, 11, 7]]
15->8: [[15, 16, 11, 5, 6, 8]]
15->9: [[15, 16, 11, 5, 3, 9]]
15->10: [[15, 16, 11, 5, 6, 8, 4, 10]]
15->11: [[15, 16, 11]]
15->12: [[15, 16, 11, 12]]
15->13: [[15, 16, 11, 13]]
15->14: [[15, 16, 11, 5, 3, 14]]
15->16: [[15, 16]]
15->17: [[15, 16, 11, 5, 6, 8, 1, 17]]
15->18: [[15, 16, 11, 5, 3, 0, 18]]
15->19: [[15, 16, 11, 5, 3, 14, 19]]
15->20: [[15, 16, 11, 5, 3, 14, 19, 20]]
15->21: [[15, 16, 11, 5, 3, 0, 18, 35, 21]]
15->22: [[15, 36, 22]]
15->23: [[15, 36, 22, 23]]
15->24: [[15, 36, 22, 24]]
15->25: [[15, 16, 11, 5, 3, 14, 19, 20, 25]]
15->26: [[15, 16, 11, 5, 3, 26]]
15->27: [[15, 16, 11, 5, 3, 14, 19, 20, 28, 27]]
15->28: [[15, 16, 11, 5, 3, 14, 19, 20, 28]]
15->29: [[15, 16, 11, 5, 3, 0, 18, 29]]
15->30: [[15, 16, 11, 5, 6, 8, 1, 30]]
15->31: [[15, 16, 11, 5, 3, 14, 19, 31]]
15->32: [[15, 16, 11, 5, 6, 8, 4, 32]]
15->33: [[15, 16, 11, 5, 3, 0, 18, 33]]
15->34: [[15, 16, 11, 5, 3, 26, 34]]
15->35: [[15, 16, 11, 5, 3, 0, 18, 35]]
15->36: [[15, 36]]
15->37: [[15, 16, 11, 5, 3, 37]]
15->38: [[15, 16, 11, 5, 3, 38]]
15->39: [[15, 16, 11, 5, 6, 8, 39]]
15->40: [[15, 16, 11, 7, 40]]
15->41: [[15, 16, 11, 5, 3, 26, 34, 41]]
15->42: [[15, 16, 11, 5, 3, 0, 18, 35, 21, 42]]
15->43: [[15, 16, 11, 5, 3, 0, 43]]
16->0: [[16, 11, 5, 3, 0]]
16->1: [[16, 11, 5, 6, 8, 1]]
16->2: [[16, 11, 5, 3, 14, 19, 20, 2]]
16->3: [[16, 11, 5, 3]]
16->4: [[16, 11, 5, 6, 8, 4]]
16->5: [[16, 11, 5]]
16->6: [[16, 11, 5, 6]]
16->7: [[16, 11, 7]]
16->8: [[16, 11, 5, 6, 8]]
16->9: [[16, 11, 5, 3, 9]]
16->10: [[16, 11, 5, 6, 8, 4, 10]]
16->11: [[16, 11]]
16->12: [[16, 11, 12]]
16->13: [[16, 11, 13]]
16->14: [[16, 11, 5, 3, 14]]
16->15: [[16, 15]]
16->17: [[16, 11, 5, 6, 8, 1, 17]]
16->18: [[16, 11, 5, 3, 0, 18]]
16->19: [[16, 11, 5, 3, 14, 19]]
16->20: [[16, 11, 5, 3, 14, 19, 20]]
16->21: [[16, 11, 5, 3, 0, 18, 35, 21]]
16->22: [[16, 36, 22]]
16->23: [[16, 11, 12, 23]]
16->24: [[16, 36, 22, 24]]
16->25: [[16, 11, 5, 3, 14, 19, 20, 25]]
16->26: [[16, 11, 5, 3, 26]]
16->27: [[16, 11, 5, 3, 14, 19, 20, 28, 27]]
16->28: [[16, 11, 5, 3, 14, 19, 20, 28]]
16->29: [[16, 11, 5, 3, 0, 18, 29]]
16->30: [[16, 11, 5, 6, 8, 1, 30]]
16->31: [[16, 11, 5, 3, 14, 19, 31]]
16->32: [[16, 11, 5, 6, 8, 4, 32]]
16->33: [[16, 11, 5, 3, 0, 18, 33]]
16->34: [[16, 11, 5, 3, 26, 34]]
16->35: [[16, 11, 5, 3, 0, 18, 35]]
16->36: [[16, 36]]
16->37: [[16, 11, 5, 3, 37]]
16->38: [[16, 11, 5, 3, 38]]
16->39: [[16, 11, 5, 6, 8, 39]]
16->40: [[16, 11, 7, 40]]
16->41: [[16, 11, 5, 3, 26, 34, 41]]
16->42: [[16, 11, 5, 3, 0, 18, 35, 21, 42]]
16->43: [[16, 11, 5, 3, 0, 43]]
17->0: [[17, 18, 0]]
17->1: [[17, 1]]
17->2: [[17, 18, 33, 2]]
17->3: [[17, 18, 0, 3]]
17->4: [[17, 1, 8, 4]]
17->5: [[17, 1, 8, 6, 5]]
17->6: [[17, 1, 8, 6]]
17->7: [[17, 1, 8, 6, 5, 7]]
17->8: [[17, 1, 8]]
17->9: [[17, 18, 0, 3, 9]]
17->10: [[17, 1, 8, 4, 10]]
17->11: [[17, 1, 8, 6, 5, 11]]
17->12: [[17, 1, 8, 6, 5, 11, 12]]
17->13: [[17, 1, 8, 6, 5, 11, 13]]
17->14: [[17, 18, 0, 3, 14]]
17->15: [[17, 1, 8, 6, 5, 11, 16, 15]]
17->16: [[17, 1, 8, 6, 5, 11, 16]]
17->18: [[17, 18]]
17->19: [[17, 18, 0, 3, 14, 19]]
17->20: [[17, 1, 8, 28, 20]]
17->21: [[17, 18, 35, 21]]
17->22: [[17, 1, 8, 6, 5, 7, 22]]
17->23: [[17, 1, 8, 6, 5, 11, 12, 23]]
17->24: [[17, 1, 8, 6, 5, 7, 22, 24]]
17->25: [[17, 1, 8, 28, 20, 25]]
17->26: [[17, 18, 26]]
17->27: [[17, 1, 8, 28, 27]]
17->28: [[17, 1, 8, 28]]
17->29: [[17, 18, 29]]
17->30: [[17, 1, 30]]
17->31: [[17, 1, 8, 31]]
17->32: [[17, 1, 8, 4, 32], [17, 18, 33, 2, 32]]
17->33: [[17, 18, 33]]
17->34: [[17, 18, 26, 34]]
17->35: [[17, 18, 35]]
17->36: [[17, 1, 8, 6, 5, 11, 16, 36]]
17->37: [[17, 18, 0, 3, 37]]
17->38: [[17, 18, 0, 3, 38]]
17->39: [[17, 1, 8, 39]]
17->40: [[17, 1, 8, 6, 5, 7, 40]]
17->41: [[17, 18, 26, 34, 41]]
17->42: [[17, 18, 35, 21, 42]]
17->43: [[17, 18, 0, 43]]
18->0: [[18, 0]]
18->1: [[18, 0, 1]]
18->2: [[18, 33, 2]]
18->3: [[18, 0, 3]]
18->4: [[18, 0, 1, 8, 4]]
18->5: [[18, 0, 3, 5]]
18->6: [[18, 0, 1, 8, 6]]
18->7: [[18, 0, 3, 5, 7]]
18->8: [[18, 0, 1, 8]]
18->9: [[18, 0, 3, 9]]
18->10: [[18, 26, 10]]
18->11: [[18, 0, 3, 5, 11]]
18->12: [[18, 0, 3, 5, 11, 12]]
18->13: [[18, 0, 3, 5, 11, 13]]
18->14: [[18, 0, 3, 14]]
18->15: [[18, 0, 3, 5, 11, 16, 15]]
18->16: [[18, 0, 3, 5, 11, 16]]
18->17: [[18, 17]]
18->19: [[18, 0, 3, 14, 19]]
18->20: [[18, 0, 3, 14, 19, 20]]
18->21: [[18, 35, 21]]
18->22: [[18, 0, 3, 5, 7, 22]]
18->23: [[18, 0, 3, 5, 11, 12, 23]]
18->24: [[18, 0, 3, 5, 7, 22, 24]]
18->25: [[18, 0, 3, 14, 19, 20, 25]]
18->26: [[18, 26]]
18->27: [[18, 0, 1, 8, 28, 27]]
18->28: [[18, 0, 1, 8, 28]]
18->29: [[18, 29]]
18->30: [[18, 0, 1, 30]]
18->31: [[18, 0, 3, 14, 19, 31]]
18->32: [[18, 33, 2, 32]]
18->33: [[18, 33]]
18->34: [[18, 26, 34]]
18->35: [[18, 35]]
18->36: [[18, 0, 3, 5, 11, 16, 36]]
18->37: [[18, 0, 3, 37]]
18->38: [[18, 0, 3, 38]]
18->39: [[18, 0, 1, 8, 39]]
18->40: [[18, 0, 3, 5, 7, 40]]
18->41: [[18, 26, 34, 41]]
18->42: [[18, 35, 21, 42]]
18->43: [[18, 0, 43]]
19->0: [[19, 14, 3, 0]]
19->1: [[19, 8, 1]]
19->2: [[19, 20, 2]]
19->3: [[19, 14, 3]]
19->4: [[19, 20, 4]]
19->5: [[19, 14, 3, 5]]
19->6: [[19, 14, 3, 6]]
19->7: [[19, 14, 3, 5, 7]]
19->8: [[19, 8]]
19->9: [[19, 14, 3, 9]]
19->10: [[19, 20, 4, 10]]
19->11: [[19, 14, 3, 5, 11]]
19->12: [[19, 14, 3, 5, 11, 12]]
19->13: [[19, 14, 3, 5, 11, 13]]
19->14: [[19, 14]]
19->15: [[19, 14, 3, 5, 11, 16, 15]]
19->16: [[19, 14, 3, 5, 11, 16]]
19->17: [[19, 14, 3, 0, 18, 17]]
19->18: [[19, 14, 3, 0, 18]]
19->20: [[19, 20]]
19->21: [[19, 20, 2, 21]]
19->22: [[19, 14, 3, 5, 7, 22]]
19->23: [[19, 14, 3, 5, 11, 12, 23]]
19->24: [[19, 14, 3, 5, 7, 22, 24]]
19->25: [[19, 20, 25]]
19->26: [[19, 14, 3, 26]]
19->27: [[19, 20, 28, 27]]
19->28: [[19, 20, 28]]
19->29: [[19, 14, 3, 0, 18, 29]]
19->30: [[19, 8, 1, 30]]
19->31: [[19, 31]]
19->32: [[19, 20, 28, 32], [19, 20, 2, 32]]
19->33: [[19, 20, 2, 33], [19, 14, 3, 0, 18, 33]]
19->34: [[19, 14, 3, 26, 34]]
19->35: [[19, 14, 3, 0, 18, 35]]
19->36: [[19, 14, 3, 5, 11, 16, 36]]
19->37: [[19, 14, 3, 37]]
19->38: [[19, 14, 3, 38]]
19->39: [[19, 8, 39]]
19->40: [[19, 14, 3, 5, 7, 40]]
19->41: [[19, 14, 3, 26, 34, 41]]
19->42: [[19, 20, 2, 21, 42]]
19->43: [[19, 14, 3, 0, 43]]
20->0: [[20, 19, 14, 3, 0]]
20->1: [[20, 28, 8, 1]]
20->2: [[20, 2]]
20->3: [[20, 19, 14, 3]]
20->4: [[20, 4]]
20->5: [[20, 19, 14, 3, 5]]
20->6: [[20, 19, 14, 3, 6]]
20->7: [[20, 19, 14, 3, 5, 7]]
20->8: [[20, 28, 8]]
20->9: [[20, 19, 14, 3, 9]]
20->10: [[20, 4, 10]]
20->11: [[20, 19, 14, 3, 5, 11]]
20->12: [[20, 19, 14, 3, 5, 11, 12]]
20->13: [[20, 19, 14, 3, 5, 11, 13]]
20->14: [[20, 19, 14]]
20->15: [[20, 19, 14, 3, 5, 11, 16, 15]]
20->16: [[20, 19, 14, 3, 5, 11, 16]]
20->17: [[20, 28, 8, 1, 17]]
20->18: [[20, 19, 14, 3, 0, 18]]
20->19: [[20, 19]]
20->21: [[20, 2, 21]]
20->22: [[20, 19, 14, 3, 5, 7, 22]]
20->23: [[20, 19, 14, 3, 5, 11, 12, 23]]
20->24: [[20, 19, 14, 3, 5, 7, 22, 24]]
20->25: [[20, 25]]
20->26: [[20, 19, 14, 3, 26]]
20->27: [[20, 28, 27]]
20->28: [[20, 28]]
20->29: [[20, 19, 14, 3, 0, 18, 29]]
20->30: [[20, 28, 8, 1, 30]]
20->31: [[20, 19, 31]]
20->32: [[20, 28, 32], [20, 2, 32]]
20->33: [[20, 2, 33]]
20->34: [[20, 19, 14, 3, 26, 34]]
20->35: [[20, 2, 21, 35]]
20->36: [[20, 19, 14, 3, 5, 11, 16, 36]]
20->37: [[20, 19, 14, 3, 37]]
20->38: [[20, 19, 14, 3, 38]]
20->39: [[20, 28, 8, 39]]
20->40: [[20, 19, 14, 3, 5, 7, 40]]
20->41: [[20, 19, 14, 3, 26, 34, 41]]
20->42: [[20, 2, 21, 42]]
20->43: [[20, 19, 14, 3, 0, 43]]
21->0: [[21, 35, 18, 0]]
21->1: [[21, 35, 18, 0, 1]]
21->2: [[21, 2]]
21->3: [[21, 35, 18, 0, 3]]
21->4: [[21, 2, 32, 4]]
21->5: [[21, 35, 18, 0, 3, 5]]
21->6: [[21, 35, 18, 0, 1, 8, 6]]
21->7: [[21, 35, 18, 0, 3, 5, 7]]
21->8: [[21, 35, 18, 0, 1, 8]]
21->9: [[21, 35, 18, 0, 3, 9]]
21->10: [[21, 35, 18, 26, 10], [21, 2, 32, 4, 10]]
21->11: [[21, 35, 18, 0, 3, 5, 11]]
21->12: [[21, 35, 18, 0, 3, 5, 11, 12]]
21->13: [[21, 35, 18, 0, 3, 5, 11, 13]]
21->14: [[21, 2, 20, 19, 14]]
21->15: [[21, 35, 18, 0, 3, 5, 11, 16, 15]]
21->16: [[21, 35, 18, 0, 3, 5, 11, 16]]
21->17: [[21, 35, 18, 17]]
21->18: [[21, 35, 18]]
21->19: [[21, 2, 20, 19]]
21->20: [[21, 2, 20]]
21->22: [[21, 35, 18, 0, 3, 5, 7, 22]]
21->23: [[21, 35, 18, 0, 3, 5, 11, 12, 23]]
21->24: [[21, 35, 18, 0, 3, 5, 7, 22, 24]]
21->25: [[21, 2, 20, 25]]
21->26: [[21, 35, 18, 26]]
21->27: [[21, 2, 20, 28, 27]]
21->28: [[21, 2, 20, 28]]
21->29: [[21, 35, 18, 29]]
21->30: [[21, 35, 18, 0, 1, 30]]
21->31: [[21, 2, 20, 19, 31]]
21->32: [[21, 2, 32]]
21->33: [[21, 35, 18, 33]]
21->34: [[21, 35, 18, 26, 34]]
21->35: [[21, 35]]
21->36: [[21, 35, 18, 0, 3, 5, 11, 16, 36]]
21->37: [[21, 35, 18, 0, 3, 37]]
21->38: [[21, 35, 18, 0, 3, 38]]
21->39: [[21, 35, 18, 0, 1, 8, 39]]
21->40: [[21, 35, 18, 0, 3, 5, 7, 40]]
21->41: [[21, 35, 18, 26, 34, 41]]
21->42: [[21, 42]]
21->43: [[21, 35, 18, 0, 43]]
22->0: [[22, 7, 5, 3, 0]]
22->1: [[22, 7, 5, 6, 8, 1]]
22->2: [[22, 7, 5, 3, 14, 19, 20, 2]]
22->3: [[22, 7, 5, 3]]
22->4: [[22, 7, 5, 6, 8, 4]]
22->5: [[22, 7, 5]]
22->6: [[22, 7, 5, 6]]
22->7: [[22, 7]]
22->8: [[22, 7, 5, 6, 8]]
22->9: [[22, 7, 5, 3, 9]]
22->10: [[22, 7, 5, 6, 8, 4, 10]]
22->11: [[22, 23, 12, 11]]
22->12: [[22, 23, 12]]
22->13: [[22, 23, 12, 11, 13]]
22->14: [[22, 7, 5, 3, 14]]
22->15: [[22, 36, 15]]
22->16: [[22, 36, 16]]
22->17: [[22, 7, 5, 6, 8, 1, 17]]
22->18: [[22, 7, 5, 3, 0, 18]]
22->19: [[22, 7, 5, 3, 14, 19]]
22->20: [[22, 7, 5, 3, 14, 19, 20]]
22->21: [[22, 7, 5, 3, 0, 18, 35, 21]]
22->23: [[22, 23]]
22->24: [[22, 24]]
22->25: [[22, 7, 5, 3, 14, 19, 20, 25]]
22->26: [[22, 7, 5, 3, 26]]
22->27: [[22, 7, 5, 3, 14, 19, 20, 28, 27]]
22->28: [[22, 7, 5, 3, 14, 19, 20, 28]]
22->29: [[22, 7, 5, 3, 0, 18, 29]]
22->30: [[22, 7, 5, 6, 8, 1, 30]]
22->31: [[22, 7, 5, 3, 14, 19, 31]]
22->32: [[22, 7, 5, 6, 8, 4, 32]]
22->33: [[22, 7, 5, 3, 0, 18, 33]]
22->34: [[22, 7, 5, 3, 26, 34]]
22->35: [[22, 7, 5, 3, 0, 18, 35]]
22->36: [[22, 36]]
22->37: [[22, 7, 5, 3, 37]]
22->38: [[22, 7, 5, 3, 38]]
22->39: [[22, 7, 5, 6, 8, 39]]
22->40: [[22, 7, 40]]
22->41: [[22, 7, 5, 3, 26, 34, 41]]
22->42: [[22, 7, 5, 3, 0, 18, 35, 21, 42]]
22->43: [[22, 7, 5, 3, 0, 43]]
23->0: [[23, 12, 11, 5, 3, 0]]
23->1: [[23, 12, 11, 5, 6, 8, 1]]
23->2: [[23, 12, 11, 5, 3, 14, 19, 20, 2]]
23->3: [[23, 12, 11, 5, 3]]
23->4: [[23, 12, 11, 5, 6, 8, 4]]
23->5: [[23, 12, 11, 5]]
23->6: [[23, 12, 11, 5, 6]]
23->7: [[23, 22, 7], [23, 12, 11, 7]]
23->8: [[23, 12, 11, 5, 6, 8]]
23->9: [[23, 12, 11, 5, 3, 9]]
23->10: [[23, 12, 11, 5, 6, 8, 4, 10]]
23->11: [[23, 12, 11]]
23->12: [[23, 12]]
23->13: [[23, 12, 11, 13]]
23->14: [[23, 12, 11, 5, 3, 14]]
23->15: [[23, 22, 36, 15]]
23->16: [[23, 12, 11, 16]]
23->17: [[23, 12, 11, 5, 6, 8, 1, 17]]
23->18: [[23, 12, 11, 5, 3, 0, 18]]
23->19: [[23, 12, 11, 5, 3, 14, 19]]
23->20: [[23, 12, 11, 5, 3, 14, 19, 20]]
23->21: [[23, 12, 11, 5, 3, 0, 18, 35, 21]]
23->22: [[23, 22]]
23->24: [[23, 22, 24]]
23->25: [[23, 12, 11, 5, 3, 14, 19, 20, 25]]
23->26: [[23, 12, 11, 5, 3, 26]]
23->27: [[23, 12, 11, 5, 3, 14, 19, 20, 28, 27]]
23->28: [[23, 12, 11, 5, 3, 14, 19, 20, 28]]
23->29: [[23, 12, 11, 5, 3, 0, 18, 29]]
23->30: [[23, 12, 11, 5, 6, 8, 1, 30]]
23->31: [[23, 12, 11, 5, 3, 14, 19, 31]]
23->32: [[23, 12, 11, 5, 6, 8, 4, 32]]
23->33: [[23, 12, 11, 5, 3, 0, 18, 33]]
23->34: [[23, 12, 11, 5, 3, 26, 34]]
23->35: [[23, 12, 11, 5, 3, 0, 18, 35]]
23->36: [[23, 22, 36]]
23->37: [[23, 12, 11, 5, 3, 37]]
23->38: [[23, 12, 11, 5, 3, 38]]
23->39: [[23, 12, 11, 5, 6, 8, 39]]
23->40: [[23, 22, 7, 40], [23, 12, 11, 7, 40]]
23->41: [[23, 12, 11, 5, 3, 26, 34, 41]]
23->42: [[23, 12, 11, 5, 3, 0, 18, 35, 21, 42]]
23->43: [[23, 12, 11, 5, 3, 0, 43]]
24->0: [[24, 22, 7, 5, 3, 0]]
24->1: [[24, 22, 7, 5, 6, 8, 1]]
24->2: [[24, 22, 7, 5, 3, 14, 19, 20, 2]]
24->3: [[24, 22, 7, 5, 3]]
24->4: [[24, 22, 7, 5, 6, 8, 4]]
24->5: [[24, 22, 7, 5]]
24->6: [[24, 22, 7, 5, 6]]
24->7: [[24, 22, 7]]
24->8: [[24, 22, 7, 5, 6, 8]]
24->9: [[24, 22, 7, 5, 3, 9]]
24->10: [[24, 22, 7, 5, 6, 8, 4, 10]]
24->11: [[24, 22, 23, 12, 11]]
24->12: [[24, 22, 23, 12]]
24->13: [[24, 22, 23, 12, 11, 13]]
24->14: [[24, 22, 7, 5, 3, 14]]
24->15: [[24, 22, 36, 15]]
24->16: [[24, 22, 36, 16]]
24->17: [[24, 22, 7, 5, 6, 8, 1, 17]]
24->18: [[24, 22, 7, 5, 3, 0, 18]]
24->19: [[24, 22, 7, 5, 3, 14, 19]]
24->20: [[24, 22, 7, 5, 3, 14, 19, 20]]
24->21: [[24, 22, 7, 5, 3, 0, 18, 35, 21]]
24->22: [[24, 22]]
24->23: [[24, 22, 23]]
24->25: [[24, 22, 7, 5, 3, 14, 19, 20, 25]]
24->26: [[24, 22, 7, 5, 3, 26]]
24->27: [[24, 22, 7, 5, 3, 14, 19, 20, 28, 27]]
24->28: [[24, 22, 7, 5, 3, 14, 19, 20, 28]]
24->29: [[24, 22, 7, 5, 3, 0, 18, 29]]
24->30: [[24, 22, 7, 5, 6, 8, 1, 30]]
24->31: [[24, 22, 7, 5, 3, 14, 19, 31]]
24->32: [[24, 22, 7, 5, 6, 8, 4, 32]]
24->33: [[24, 22, 7, 5, 3, 0, 18, 33]]
24->34: [[24, 22, 7, 5, 3, 26, 34]]
24->35: [[24, 22, 7, 5, 3, 0, 18, 35]]
24->36: [[24, 22, 36]]
24->37: [[24, 22, 7, 5, 3, 37]]
24->38: [[24, 22, 7, 5, 3, 38]]
24->39: [[24, 22, 7, 5, 6, 8, 39]]
24->40: [[24, 22, 7, 40]]
24->41: [[24, 22, 7, 5, 3, 26, 34, 41]]
24->42: [[24, 22, 7, 5, 3, 0, 18, 35, 21, 42]]
24->43: [[24, 22, 7, 5, 3, 0, 43]]
25->0: [[25, 20, 19, 14, 3, 0]]
25->1: [[25, 20, 28, 8, 1]]
25->2: [[25, 20, 2]]
25->3: [[25, 20, 19, 14, 3]]
25->4: [[25, 20, 4]]
25->5: [[25, 20, 19, 14, 3, 5]]
25->6: [[25, 20, 19, 14, 3, 6]]
25->7: [[25, 20, 19, 14, 3, 5, 7]]
25->8: [[25, 20, 28, 8]]
25->9: [[25, 20, 19, 14, 3, 9]]
25->10: [[25, 20, 4, 10]]
25->11: [[25, 20, 19, 14, 3, 5, 11]]
25->12: [[25, 20, 19, 14, 3, 5, 11, 12]]
25->13: [[25, 20, 19, 14, 3, 5, 11, 13]]
25->14: [[25, 20, 19, 14]]
25->15: [[25, 20, 19, 14, 3, 5, 11, 16, 15]]
25->16: [[25, 20, 19, 14, 3, 5, 11, 16]]
25->17: [[25, 20, 28, 8, 1, 17]]
25->18: [[25, 20, 19, 14, 3, 0, 18]]
25->19: [[25, 20, 19]]
25->20: [[25, 20]]
25->21: [[25, 20, 2, 21]]
25->22: [[25, 20, 19, 14, 3, 5, 7, 22]]
25->23: [[25, 20, 19, 14, 3, 5, 11, 12, 23]]
25->24: [[25, 20, 19, 14, 3, 5, 7, 22, 24]]
25->26: [[25, 20, 19, 14, 3, 26]]
25->27: [[25, 20, 28, 27]]
25->28: [[25, 20, 28]]
25->29: [[25, 20, 19, 14, 3, 0, 18, 29]]
25->30: [[25, 20, 28, 8, 1, 30]]
25->31: [[25, 20, 19, 31]]
25->32: [[25, 20, 28, 32], [25, 20, 2, 32]]
25->33: [[25, 20, 2, 33]]
25->34: [[25, 20, 19, 14, 3, 26, 34]]
25->35: [[25, 20, 2, 21, 35]]
25->36: [[25, 20, 19, 14, 3, 5, 11, 16, 36]]
25->37: [[25, 20, 19, 14, 3, 37]]
25->38: [[25, 20, 19, 14, 3, 38]]
25->39: [[25, 20, 28, 8, 39]]
25->40: [[25, 20, 19, 14, 3, 5, 7, 40]]
25->41: [[25, 20, 19, 14, 3, 26, 34, 41]]
25->42: [[25, 20, 2, 21, 42]]
25->43: [[25, 20, 19, 14, 3, 0, 43]]
26->0: [[26, 18, 0]]
26->1: [[26, 6, 8, 1], [26, 34, 4, 8, 1]]
26->2: [[26, 34, 4, 32, 2]]
26->3: [[26, 3]]
26->4: [[26, 34, 4]]
26->5: [[26, 3, 5]]
26->6: [[26, 6]]
26->7: [[26, 3, 5, 7]]
26->8: [[26, 6, 8], [26, 34, 4, 8]]
26->9: [[26, 3, 9]]
26->10: [[26, 10]]
26->11: [[26, 3, 5, 11]]
26->12: [[26, 3, 5, 11, 12]]
26->13: [[26, 3, 5, 11, 13]]
26->14: [[26, 3, 14]]
26->15: [[26, 3, 5, 11, 16, 15]]
26->16: [[26, 3, 5, 11, 16]]
26->17: [[26, 18, 17]]
26->18: [[26, 18]]
26->19: [[26, 3, 14, 19]]
26->20: [[26, 3, 14, 19, 20]]
26->21: [[26, 18, 35, 21]]
26->22: [[26, 3, 5, 7, 22]]
26->23: [[26, 3, 5, 11, 12, 23]]
26->24: [[26, 3, 5, 7, 22, 24]]
26->25: [[26, 3, 14, 19, 20, 25]]
26->27: [[26, 3, 14, 19, 20, 28, 27]]
26->28: [[26, 3, 14, 19, 20, 28]]
26->29: [[26, 18, 29]]
26->30: [[26, 6, 8, 1, 30], [26, 34, 4, 8, 1, 30]]
26->31: [[26, 3, 14, 19, 31]]
26->32: [[26, 34, 4, 32]]
26->33: [[26, 18, 33]]
26->34: [[26, 34]]
26->35: [[26, 18, 35]]
26->36: [[26, 3, 5, 11, 16, 36]]
26->37: [[26, 3, 37]]
26->38: [[26, 3, 38]]
26->39: [[26, 6, 8, 39], [26, 34, 4, 8, 39]]
26->40: [[26, 3, 5, 7, 40]]
26->41: [[26, 34, 41]]
26->42: [[26, 18, 35, 21, 42]]
26->43: [[26, 18, 0, 43]]
27->0: [[27, 28, 8, 1, 0]]
27->1: [[27, 28, 8, 1]]
27->2: [[27, 28, 20, 2]]
27->3: [[27, 28, 20, 19, 14, 3]]
27->4: [[27, 28, 8, 4]]
27->5: [[27, 28, 20, 19, 14, 3, 5]]
27->6: [[27, 28, 6], [27, 28, 8, 6]]
27->7: [[27, 28, 20, 19, 14, 3, 5, 7]]
27->8: [[27, 28, 8]]
27->9: [[27, 28, 20, 19, 14, 3, 9]]
27->10: [[27, 28, 8, 4, 10]]
27->11: [[27, 28, 20, 19, 14, 3, 5, 11]]
27->12: [[27, 28, 20, 19, 14, 3, 5, 11, 12]]
27->13: [[27, 28, 20, 19, 14, 3, 5, 11, 13]]
27->14: [[27, 28, 20, 19, 14]]
27->15: [[27, 28, 20, 19, 14, 3, 5, 11, 16, 15]]
27->16: [[27, 28, 20, 19, 14, 3, 5, 11, 16]]
27->17: [[27, 28, 8, 1, 17]]
27->18: [[27, 28, 8, 1, 0, 18]]
27->19: [[27, 28, 20, 19]]
27->20: [[27, 28, 20]]
27->21: [[27, 28, 20, 2, 21]]
27->22: [[27, 28, 20, 19, 14, 3, 5, 7, 22]]
27->23: [[27, 28, 20, 19, 14, 3, 5, 11, 12, 23]]
27->24: [[27, 28, 20, 19, 14, 3, 5, 7, 22, 24]]
27->25: [[27, 28, 20, 25]]
27->26: [[27, 28, 20, 19, 14, 3, 26]]
27->28: [[27, 28]]
27->29: [[27, 28, 8, 1, 0, 18, 29]]
27->30: [[27, 28, 8, 1, 30]]
27->31: [[27, 28, 20, 19, 31]]
27->32: [[27, 28, 32]]
27->33: [[27, 28, 20, 2, 33]]
27->34: [[27, 28, 8, 4, 34], [27, 28, 20, 19, 14, 3, 26, 34]]
27->35: [[27, 28, 8, 1, 0, 18, 35]]
27->36: [[27, 28, 20, 19, 14, 3, 5, 11, 16, 36]]
27->37: [[27, 28, 20, 19, 14, 3, 37]]
27->38: [[27, 28, 20, 19, 14, 3, 38]]
27->39: [[27, 28, 8, 39]]
27->40: [[27, 28, 20, 19, 14, 3, 5, 7, 40]]
27->41: [[27, 28, 8, 4, 34, 41], [27, 28, 20, 19, 14, 3, 26, 34, 41]]
27->42: [[27, 28, 20, 2, 21, 42]]
27->43: [[27, 28, 8, 1, 0, 43]]
28->0: [[28, 8, 1, 0]]
28->1: [[28, 8, 1]]
28->2: [[28, 20, 2]]
28->3: [[28, 20, 19, 14, 3]]
28->4: [[28, 8, 4]]
28->5: [[28, 20, 19, 14, 3, 5]]
28->6: [[28, 6], [28, 8, 6]]
28->7: [[28, 20, 19, 14, 3, 5, 7]]
28->8: [[28, 8]]
28->9: [[28, 20, 19, 14, 3, 9]]
28->10: [[28, 8, 4, 10]]
28->11: [[28, 20, 19, 14, 3, 5, 11]]
28->12: [[28, 20, 19, 14, 3, 5, 11, 12]]
28->13: [[28, 20, 19, 14, 3, 5, 11, 13]]
28->14: [[28, 20, 19, 14]]
28->15: [[28, 20, 19, 14, 3, 5, 11, 16, 15]]
28->16: [[28, 20, 19, 14, 3, 5, 11, 16]]
28->17: [[28, 8, 1, 17]]
28->18: [[28, 8, 1, 0, 18]]
28->19: [[28, 20, 19]]
28->20: [[28, 20]]
28->21: [[28, 20, 2, 21]]
28->22: [[28, 20, 19, 14, 3, 5, 7, 22]]
28->23: [[28, 20, 19, 14, 3, 5, 11, 12, 23]]
28->24: [[28, 20, 19, 14, 3, 5, 7, 22, 24]]
28->25: [[28, 20, 25]]
28->26: [[28, 20, 19, 14, 3, 26]]
28->27: [[28, 27]]
28->29: [[28, 8, 1, 0, 18, 29]]
28->30: [[28, 8, 1, 30]]
28->31: [[28, 20, 19, 31]]
28->32: [[28, 32]]
28->33: [[28, 20, 2, 33]]
28->34: [[28, 8, 4, 34], [28, 20, 19, 14, 3, 26, 34]]
28->35: [[28, 8, 1, 0, 18, 35]]
28->36: [[28, 20, 19, 14, 3, 5, 11, 16, 36]]
28->37: [[28, 20, 19, 14, 3, 37]]
28->38: [[28, 20, 19, 14, 3, 38]]
28->39: [[28, 8, 39]]
28->40: [[28, 20, 19, 14, 3, 5, 7, 40]]
28->41: [[28, 8, 4, 34, 41], [28, 20, 19, 14, 3, 26, 34, 41]]
28->42: [[28, 20, 2, 21, 42]]
28->43: [[28, 8, 1, 0, 43]]
29->0: [[29, 18, 0]]
29->1: [[29, 18, 0, 1]]
29->2: [[29, 18, 33, 2]]
29->3: [[29, 18, 0, 3]]
29->4: [[29, 18, 0, 1, 8, 4]]
29->5: [[29, 18, 0, 3, 5]]
29->6: [[29, 18, 0, 1, 8, 6]]
29->7: [[29, 18, 0, 3, 5, 7]]
29->8: [[29, 18, 0, 1, 8]]
29->9: [[29, 18, 0, 3, 9]]
29->10: [[29, 18, 26, 10]]
29->11: [[29, 18, 0, 3, 5, 11]]
29->12: [[29, 18, 0, 3, 5, 11, 12]]
29->13: [[29, 18, 0, 3, 5, 11, 13]]
29->14: [[29, 18, 0, 3, 14]]
29->15: [[29, 18, 0, 3, 5, 11, 16, 15]]
29->16: [[29, 18, 0, 3, 5, 11, 16]]
29->17: [[29, 18, 17]]
29->18: [[29, 18]]
29->19: [[29, 18, 0, 3, 14, 19]]
29->20: [[29, 18, 0, 3, 14, 19, 20]]
29->21: [[29, 18, 35, 21]]
29->22: [[29, 18, 0, 3, 5, 7, 22]]
29->23: [[29, 18, 0, 3, 5, 11, 12, 23]]
29->24: [[29, 18, 0, 3, 5, 7, 22, 24]]
29->25: [[29, 18, 0, 3, 14, 19, 20, 25]]
29->26: [[29, 18, 26]]
29->27: [[29, 18, 0, 1, 8, 28, 27]]
29->28: [[29, 18, 0, 1, 8, 28]]
29->30: [[29, 18, 0, 1, 30]]
29->31: [[29, 18, 0, 3, 14, 19, 31]]
29->32: [[29, 18, 33, 2, 32]]
29->33: [[29, 18, 33]]
29->34: [[29, 18, 26, 34]]
29->35: [[29, 18, 35]]
29->36: [[29, 18, 0, 3, 5, 11, 16, 36]]
29->37: [[29, 18, 0, 3, 37]]
29->38: [[29, 18, 0, 3, 38]]
29->39: [[29, 18, 0, 1, 8, 39]]
29->40: [[29, 18, 0, 3, 5, 7, 40]]
29->41: [[29, 18, 26, 34, 41]]
29->42: [[29, 18, 35, 21, 42]]
29->43: [[29, 18, 0, 43]]
30->0: [[30, 1, 0]]
30->1: [[30, 1]]
30->2: [[30, 1, 8, 4, 32, 2]]
30->3: [[30, 1, 8, 6, 3]]
30->4: [[30, 1, 8, 4]]
30->5: [[30, 1, 8, 6, 5]]
30->6: [[30, 1, 8, 6]]
30->7: [[30, 1, 8, 6, 5, 7]]
30->8: [[30, 1, 8]]
30->9: [[30, 1, 8, 6, 3, 9]]
30->10: [[30, 1, 8, 4, 10]]
30->11: [[30, 1, 8, 6, 5, 11]]
30->12: [[30, 1, 8, 6, 5, 11, 12]]
30->13: [[30, 1, 8, 6, 5, 11, 13]]
30->14: [[30, 1, 8, 19, 14], [30, 1, 8, 6, 3, 14]]
30->15: [[30, 1, 8, 6, 5, 11, 16, 15]]
30->16: [[30, 1, 8, 6, 5, 11, 16]]
30->17: [[30, 1, 17]]
30->18: [[30, 1, 0, 18]]
30->19: [[30, 1, 8, 19]]
30->20: [[30, 1, 8, 28, 20]]
30->21: [[30, 1, 0, 18, 35, 21]]
30->22: [[30, 1, 8, 6, 5, 7, 22]]
30->23: [[30, 1, 8, 6, 5, 11, 12, 23]]
30->24: [[30, 1, 8, 6, 5, 7, 22, 24]]
30->25: [[30, 1, 8, 28, 20, 25]]
30->26: [[30, 1, 8, 6, 26], [30, 1, 8, 4, 34, 26]]
30->27: [[30, 1, 8, 28, 27]]
30->28: [[30, 1, 8, 28]]
30->29: [[30, 1, 0, 18, 29]]
30->31: [[30, 1, 8, 31]]
30->32: [[30, 1, 8, 4, 32]]
30->33: [[30, 1, 0, 18, 33]]
30->34: [[30, 1, 8, 4, 34]]
30->35: [[30, 1, 0, 18, 35]]
30->36: [[30, 1, 8, 6, 5, 11, 16, 36]]
30->37: [[30, 1, 8, 6, 3, 37]]
30->38: [[30, 1, 8, 6, 3, 38]]
30->39: [[30, 1, 8, 39]]
30->40: [[30, 1, 8, 6, 5, 7, 40]]
30->41: [[30, 1, 8, 4, 34, 41]]
30->42: [[30, 1, 0, 18, 35, 21, 42]]
30->43: [[30, 1, 0, 43]]
31->0: [[31, 19, 14, 3, 0]]
31->1: [[31, 8, 1]]
31->2: [[31, 19, 20, 2]]
31->3: [[31, 19, 14, 3]]
31->4: [[31, 8, 4]]
31->5: [[31, 19, 14, 3, 5]]
31->6: [[31, 19, 14, 3, 6]]
31->7: [[31, 19, 14, 3, 5, 7]]
31->8: [[31, 8]]
31->9: [[31, 19, 14, 3, 9]]
31->10: [[31, 8, 4, 10]]
31->11: [[31, 19, 14, 3, 5, 11]]
31->12: [[31, 19, 14, 3, 5, 11, 12]]
31->13: [[31, 19, 14, 3, 5, 11, 13]]
31->14: [[31, 19, 14]]
31->15: [[31, 19, 14, 3, 5, 11, 16, 15]]
31->16: [[31, 19, 14, 3, 5, 11, 16]]
31->17: [[31, 8, 1, 17]]
31->18: [[31, 19, 14, 3, 0, 18]]
31->19: [[31, 19]]
31->20: [[31, 19, 20]]
31->21: [[31, 19, 20, 2, 21]]
31->22: [[31, 19, 14, 3, 5, 7, 22]]
31->23: [[31, 19, 14, 3, 5, 11, 12, 23]]
31->24: [[31, 19, 14, 3, 5, 7, 22, 24]]
31->25: [[31, 19, 20, 25]]
31->26: [[31, 19, 14, 3, 26]]
31->27: [[31, 19, 20, 28, 27]]
31->28: [[31, 19, 20, 28]]
31->29: [[31, 19, 14, 3, 0, 18, 29]]
31->30: [[31, 8, 1, 30]]
31->32: [[31, 19, 20, 28, 32], [31, 19, 20, 2, 32]]
31->33: [[31, 19, 20, 2, 33], [31, 19, 14, 3, 0, 18, 33]]
31->34: [[31, 19, 14, 3, 26, 34]]
31->35: [[31, 19, 14, 3, 0, 18, 35]]
31->36: [[31, 19, 14, 3, 5, 11, 16, 36]]
31->37: [[31, 19, 14, 3, 37]]
31->38: [[31, 19, 14, 3, 38]]
31->39: [[31, 8, 39]]
31->40: [[31, 19, 14, 3, 5, 7, 40]]
31->41: [[31, 19, 14, 3, 26, 34, 41]]
31->42: [[31, 19, 20, 2, 21, 42]]
31->43: [[31, 19, 14, 3, 0, 43]]
32->0: [[32, 2, 0]]
32->1: [[32, 4, 8, 1]]
32->2: [[32, 2]]
32->3: [[32, 4, 8, 6, 3]]
32->4: [[32, 4]]
32->5: [[32, 4, 8, 6, 5]]
32->6: [[32, 4, 8, 6]]
32->7: [[32, 4, 8, 6, 5, 7]]
32->8: [[32, 4, 8]]
32->9: [[32, 4, 8, 6, 3, 9]]
32->10: [[32, 4, 10]]
32->11: [[32, 4, 8, 6, 5, 11]]
32->12: [[32, 4, 8, 6, 5, 11, 12]]
32->13: [[32, 4, 8, 6, 5, 11, 13]]
32->14: [[32, 2, 20, 19, 14], [32, 28, 20, 19, 14]]
32->15: [[32, 4, 8, 6, 5, 11, 16, 15]]
32->16: [[32, 4, 8, 6, 5, 11, 16]]
32->17: [[32, 4, 8, 1, 17], [32, 2, 33, 18, 17]]
32->18: [[32, 2, 33, 18]]
32->19: [[32, 2, 20, 19], [32, 28, 20, 19]]
32->20: [[32, 2, 20], [32, 28, 20]]
32->21: [[32, 2, 21]]
32->22: [[32, 4, 8, 6, 5, 7, 22]]
32->23: [[32, 4, 8, 6, 5, 11, 12, 23]]
32->24: [[32, 4, 8, 6, 5, 7, 22, 24]]
32->25: [[32, 2, 20, 25], [32, 28, 20, 25]]
32->26: [[32, 4, 34, 26]]
32->27: [[32, 28, 27]]
32->28: [[32, 28]]
32->29: [[32, 2, 33, 18, 29]]
32->30: [[32, 4, 8, 1, 30]]
32->31: [[32, 2, 20, 19, 31], [32, 28, 20, 19, 31]]
32->33: [[32, 2, 33]]
32->34: [[32, 4, 34]]
32->35: [[32, 2, 21, 35]]
32->36: [[32, 4, 8, 6, 5, 11, 16, 36]]
32->37: [[32, 4, 8, 6, 3, 37]]
32->38: [[32, 4, 8, 6, 3, 38]]
32->39: [[32, 4, 8, 39]]
32->40: [[32, 4, 8, 6, 5, 7, 40]]
32->41: [[32, 4, 34, 41]]
32->42: [[32, 2, 21, 42]]
32->43: [[32, 2, 0, 43]]
33->0: [[33, 18, 0]]
33->1: [[33, 18, 0, 1]]
33->2: [[33, 2]]
33->3: [[33, 18, 0, 3]]
33->4: [[33, 18, 0, 1, 8, 4]]
33->5: [[33, 18, 0, 3, 5]]
33->6: [[33, 18, 0, 1, 8, 6]]
33->7: [[33, 18, 0, 3, 5, 7]]
33->8: [[33, 18, 0, 1, 8]]
33->9: [[33, 18, 0, 3, 9]]
33->10: [[33, 18, 26, 10]]
33->11: [[33, 18, 0, 3, 5, 11]]
33->12: [[33, 18, 0, 3, 5, 11, 12]]
33->13: [[33, 18, 0, 3, 5, 11, 13]]
33->14: [[33, 18, 0, 3, 14]]
33->15: [[33, 18, 0, 3, 5, 11, 16, 15]]
33->16: [[33, 18, 0, 3, 5, 11, 16]]
33->17: [[33, 18, 17]]
33->18: [[33, 18]]
33->19: [[33, 2, 20, 19], [33, 18, 0, 3, 14, 19]]
33->20: [[33, 2, 20]]
33->21: [[33, 18, 35, 21]]
33->22: [[33, 18, 0, 3, 5, 7, 22]]
33->23: [[33, 18, 0, 3, 5, 11, 12, 23]]
33->24: [[33, 18, 0, 3, 5, 7, 22, 24]]
33->25: [[33, 2, 20, 25]]
33->26: [[33, 18, 26]]
33->27: [[33, 2, 20, 28, 27]]
33->28: [[33, 2, 20, 28]]
33->29: [[33, 18, 29]]
33->30: [[33, 18, 0, 1, 30]]
33->31: [[33, 2, 20, 19, 31], [33, 18, 0, 3, 14, 19, 31]]
33->32: [[33, 2, 32]]
33->34: [[33, 18, 26, 34]]
33->35: [[33, 18, 35]]
33->36: [[33, 18, 0, 3, 5, 11, 16, 36]]
33->37: [[33, 18, 0, 3, 37]]
33->38: [[33, 18, 0, 3, 38]]
33->39: [[33, 18, 0, 1, 8, 39]]
33->40: [[33, 18, 0, 3, 5, 7, 40]]
33->41: [[33, 18, 26, 34, 41]]
33->42: [[33, 18, 35, 21, 42]]
33->43: [[33, 18, 0, 43]]
34->0: [[34, 4, 8, 1, 0]]
34->1: [[34, 4, 8, 1]]
34->2: [[34, 4, 32, 2]]
34->3: [[34, 26, 3]]
34->4: [[34, 4]]
34->5: [[34, 26, 3, 5]]
34->6: [[34, 6]]
34->7: [[34, 26, 3, 5, 7]]
34->8: [[34, 4, 8]]
34->9: [[34, 26, 3, 9]]
34->10: [[34, 26, 10]]
34->11: [[34, 26, 3, 5, 11]]
34->12: [[34, 26, 3, 5, 11, 12]]
34->13: [[34, 26, 3, 5, 11, 13]]
34->14: [[34, 26, 3, 14]]
34->15: [[34, 26, 3, 5, 11, 16, 15]]
34->16: [[34, 26, 3, 5, 11, 16]]
34->17: [[34, 26, 18, 17]]
34->18: [[34, 26, 18]]
34->19: [[34, 26, 3, 14, 19]]
34->20: [[34, 26, 3, 14, 19, 20]]
34->21: [[34, 26, 18, 35, 21]]
34->22: [[34, 26, 3, 5, 7, 22]]
34->23: [[34, 26, 3, 5, 11, 12, 23]]
34->24: [[34, 26, 3, 5, 7, 22, 24]]
34->25: [[34, 26, 3, 14, 19, 20, 25]]
34->26: [[34, 26]]
34->27: [[34, 4, 8, 28, 27], [34, 26, 3, 14, 19, 20, 28, 27]]
34->28: [[34, 4, 8, 28], [34, 26, 3, 14, 19, 20, 28]]
34->29: [[34, 26, 18, 29]]
34->30: [[34, 4, 8, 1, 30]]
34->31: [[34, 26, 3, 14, 19, 31]]
34->32: [[34, 4, 32]]
34->33: [[34, 26, 18, 33]]
34->35: [[34, 26, 18, 35]]
34->36: [[34, 26, 3, 5, 11, 16, 36]]
34->37: [[34, 26, 3, 37]]
34->38: [[34, 26, 3, 38]]
34->39: [[34, 4, 8, 39]]
34->40: [[34, 26, 3, 5, 7, 40]]
34->41: [[34, 41]]
34->42: [[34, 26, 18, 35, 21, 42]]
34->43: [[34, 4, 8, 1, 0, 43]]
35->0: [[35, 18, 0]]
35->1: [[35, 18, 0, 1]]
35->2: [[35, 21, 2]]
35->3: [[35, 18, 0, 3]]
35->4: [[35, 18, 0, 1, 8, 4]]
35->5: [[35, 18, 0, 3, 5]]
35->6: [[35, 18, 0, 1, 8, 6]]
35->7: [[35, 18, 0, 3, 5, 7]]
35->8: [[35, 18, 0, 1, 8]]
35->9: [[35, 18, 0, 3, 9]]
35->10: [[35, 18, 26, 10]]
35->11: [[35, 18, 0, 3, 5, 11]]
35->12: [[35, 18, 0, 3, 5, 11, 12]]
35->13: [[35, 18, 0, 3, 5, 11, 13]]
35->14: [[35, 18, 0, 3, 14]]
35->15: [[35, 18, 0, 3, 5, 11, 16, 15]]
35->16: [[35, 18, 0, 3, 5, 11, 16]]
35->17: [[35, 18, 17]]
35->18: [[35, 18]]
35->19: [[35, 18, 0, 3, 14, 19]]
35->20: [[35, 21, 2, 20]]
35->21: [[35, 21]]
35->22: [[35, 18, 0, 3, 5, 7, 22]]
35->23: [[35, 18, 0, 3, 5, 11, 12, 23]]
35->24: [[35, 18, 0, 3, 5, 7, 22, 24]]
35->25: [[35, 21, 2, 20, 25]]
35->26: [[35, 18, 26]]
35->27: [[35, 18, 0, 1, 8, 28, 27]]
35->28: [[35, 18, 0, 1, 8, 28]]
35->29: [[35, 18, 29]]
35->30: [[35, 18, 0, 1, 30]]
35->31: [[35, 18, 0, 3, 14, 19, 31]]
35->32: [[35, 21, 2, 32]]
35->33: [[35, 18, 33]]
35->34: [[35, 18, 26, 34]]
35->36: [[35, 18, 0, 3, 5, 11, 16, 36]]
35->37: [[35, 18, 0, 3, 37]]
35->38: [[35, 18, 0, 3, 38]]
35->39: [[35, 18, 0, 1, 8, 39]]
35->40: [[35, 18, 0, 3, 5, 7, 40]]
35->41: [[35, 18, 26, 34, 41]]
35->42: [[35, 21, 42]]
35->43: [[35, 18, 0, 43]]
36->0: [[36, 16, 11, 5, 3, 0]]
36->1: [[36, 16, 11, 5, 6, 8, 1]]
36->2: [[36, 16, 11, 5, 3, 14, 19, 20, 2]]
36->3: [[36, 16, 11, 5, 3]]
36->4: [[36, 16, 11, 5, 6, 8, 4]]
36->5: [[36, 16, 11, 5]]
36->6: [[36, 16, 11, 5, 6]]
36->7: [[36, 16, 11, 7]]
36->8: [[36, 16, 11, 5, 6, 8]]
36->9: [[36, 16, 11, 5, 3, 9]]
36->10: [[36, 16, 11, 5, 6, 8, 4, 10]]
36->11: [[36, 16, 11]]
36->12: [[36, 16, 11, 12]]
36->13: [[36, 16, 11, 13]]
36->14: [[36, 16, 11, 5, 3, 14]]
36->15: [[36, 15]]
36->16: [[36, 16]]
36->17: [[36, 16, 11, 5, 6, 8, 1, 17]]
36->18: [[36, 16, 11, 5, 3, 0, 18]]
36->19: [[36, 16, 11, 5, 3, 14, 19]]
36->20: [[36, 16, 11, 5, 3, 14, 19, 20]]
36->21: [[36, 16, 11, 5, 3, 0, 18, 35, 21]]
36->22: [[36, 22]]
36->23: [[36, 22, 23]]
36->24: [[36, 22, 24]]
36->25: [[36, 16, 11, 5, 3, 14, 19, 20, 25]]
36->26: [[36, 16, 11, 5, 3, 26]]
36->27: [[36, 16, 11, 5, 3, 14, 19, 20, 28, 27]]
36->28: [[36, 16, 11, 5, 3, 14, 19, 20, 28]]
36->29: [[36, 16, 11, 5, 3, 0, 18, 29]]
36->30: [[36, 16, 11, 5, 6, 8, 1, 30]]
36->31: [[36, 16, 11, 5, 3, 14, 19, 31]]
36->32: [[36, 16, 11, 5, 6, 8, 4, 32]]
36->33: [[36, 16, 11, 5, 3, 0, 18, 33]]
36->34: [[36, 16, 11, 5, 3, 26, 34]]
36->35: [[36, 16, 11, 5, 3, 0, 18, 35]]
36->37: [[36, 16, 11, 5, 3, 37]]
36->38: [[36, 16, 11, 5, 3, 38]]
36->39: [[36, 16, 11, 5, 6, 8, 39]]
36->40: [[36, 16, 11, 7, 40]]
36->41: [[36, 16, 11, 5, 3, 26, 34, 41]]
36->42: [[36, 16, 11, 5, 3, 0, 18, 35, 21, 42]]
36->43: [[36, 16, 11, 5, 3, 0, 43]]
37->0: [[37, 3, 0]]
37->1: [[37, 3, 6, 8, 1]]
37->2: [[37, 3, 14, 19, 20, 2]]
37->3: [[37, 3]]
37->4: [[37, 3, 6, 8, 4]]
37->5: [[37, 3, 5]]
37->6: [[37, 3, 6]]
37->7: [[37, 3, 5, 7]]
37->8: [[37, 3, 6, 8]]
37->9: [[37, 3, 9]]
37->10: [[37, 3, 26, 10]]
37->11: [[37, 3, 5, 11]]
37->12: [[37, 3, 5, 11, 12]]
37->13: [[37, 3, 5, 11, 13]]
37->14: [[37, 3, 14]]
37->15: [[37, 3, 5, 11, 16, 15]]
37->16: [[37, 3, 5, 11, 16]]
37->17: [[37, 3, 0, 18, 17]]
37->18: [[37, 3, 0, 18]]
37->19: [[37, 3, 14, 19]]
37->20: [[37, 3, 14, 19, 20]]
37->21: [[37, 3, 0, 18, 35, 21]]
37->22: [[37, 3, 5, 7, 22]]
37->23: [[37, 3, 5, 11, 12, 23]]
37->24: [[37, 3, 5, 7, 22, 24]]
37->25: [[37, 3, 14, 19, 20, 25]]
37->26: [[37, 3, 26]]
37->27: [[37, 3, 14, 19, 20, 28, 27]]
37->28: [[37, 3, 14, 19, 20, 28]]
37->29: [[37, 3, 0, 18, 29]]
37->30: [[37, 3, 6, 8, 1, 30]]
37->31: [[37, 3, 14, 19, 31]]
37->32: [[37, 3, 6, 8, 4, 32]]
37->33: [[37, 3, 0, 18, 33]]
37->34: [[37, 3, 26, 34]]
37->35: [[37, 3, 0, 18, 35]]
37->36: [[37, 3, 5, 11, 16, 36]]
37->38: [[37, 3, 38]]
37->39: [[37, 3, 6, 8, 39]]
37->40: [[37, 3, 5, 7, 40]]
37->41: [[37, 3, 26, 34, 41]]
37->42: [[37, 3, 0, 18, 35, 21, 42]]
37->43: [[37, 3, 0, 43]]
38->0: [[38, 3, 0]]
38->1: [[38, 3, 6, 8, 1]]
38->2: [[38, 3, 14, 19, 20, 2]]
38->3: [[38, 3]]
38->4: [[38, 3, 6, 8, 4]]
38->5: [[38, 3, 5]]
38->6: [[38, 3, 6]]
38->7: [[38, 3, 5, 7]]
38->8: [[38, 3, 6, 8]]
38->9: [[38, 3, 9]]
38->10: [[38, 3, 26, 10]]
38->11: [[38, 3, 5, 11]]
38->12: [[38, 3, 5, 11, 12]]
38->13: [[38, 3, 5, 11, 13]]
38->14: [[38, 3, 14]]
38->15: [[38, 3, 5, 11, 16, 15]]
38->16: [[38, 3, 5, 11, 16]]
38->17: [[38, 3, 0, 18, 17]]
38->18: [[38, 3, 0, 18]]
38->19: [[38, 3, 14, 19]]
38->20: [[38, 3, 14, 19, 20]]
38->21: [[38, 3, 0, 18, 35, 21]]
38->22: [[38, 3, 5, 7, 22]]
38->23: [[38, 3, 5, 11, 12, 23]]
38->24: [[38, 3, 5, 7, 22, 24]]
38->25: [[38, 3, 14, 19, 20, 25]]
38->26: [[38, 3, 26]]
38->27: [[38, 3, 14, 19, 20, 28, 27]]
38->28: [[38, 3, 14, 19, 20, 28]]
38->29: [[38, 3, 0, 18, 29]]
38->30: [[38, 3, 6, 8, 1, 30]]
38->31: [[38, 3, 14, 19, 31]]
38->32: [[38, 3, 6, 8, 4, 32]]
38->33: [[38, 3, 0, 18, 33]]
38->34: [[38, 3, 26, 34]]
38->35: [[38, 3, 0, 18, 35]]
38->36: [[38, 3, 5, 11, 16, 36]]
38->37: [[38, 3, 37]]
38->39: [[38, 3, 6, 8, 39]]
38->40: [[38, 3, 5, 7, 40]]
38->41: [[38, 3, 26, 34, 41]]
38->42: [[38, 3, 0, 18, 35, 21, 42]]
38->43: [[38, 3, 0, 43]]
39->0: [[39, 8, 1, 0]]
39->1: [[39, 8, 1]]
39->2: [[39, 8, 4, 32, 2]]
39->3: [[39, 8, 6, 3]]
39->4: [[39, 8, 4]]
39->5: [[39, 8, 6, 5]]
39->6: [[39, 8, 6]]
39->7: [[39, 8, 6, 5, 7]]
39->8: [[39, 8]]
39->9: [[39, 8, 6, 3, 9]]
39->10: [[39, 8, 4, 10]]
39->11: [[39, 8, 6, 5, 11]]
39->12: [[39, 8, 6, 5, 11, 12]]
39->13: [[39, 8, 6, 5, 11, 13]]
39->14: [[39, 8, 19, 14], [39, 8, 6, 3, 14]]
39->15: [[39, 8, 6, 5, 11, 16, 15]]
39->16: [[39, 8, 6, 5, 11, 16]]
39->17: [[39, 8, 1, 17]]
39->18: [[39, 8, 1, 0, 18]]
39->19: [[39, 8, 19]]
39->20: [[39, 8, 28, 20]]
39->21: [[39, 8, 1, 0, 18, 35, 21]]
39->22: [[39, 8, 6, 5, 7, 22]]
39->23: [[39, 8, 6, 5, 11, 12, 23]]
39->24: [[39, 8, 6, 5, 7, 22, 24]]
39->25: [[39, 8, 28, 20, 25]]
39->26: [[39, 8, 6, 26], [39, 8, 4, 34, 26]]
39->27: [[39, 8, 28, 27]]
39->28: [[39, 8, 28]]
39->29: [[39, 8, 1, 0, 18, 29]]
39->30: [[39, 8, 1, 30]]
39->31: [[39, 8, 31]]
39->32: [[39, 8, 4, 32]]
39->33: [[39, 8, 1, 0, 18, 33]]
39->34: [[39, 8, 4, 34]]
39->35: [[39, 8, 1, 0, 18, 35]]
39->36: [[39, 8, 6, 5, 11, 16, 36]]
39->37: [[39, 8, 6, 3, 37]]
39->38: [[39, 8, 6, 3, 38]]
39->40: [[39, 8, 6, 5, 7, 40]]
39->41: [[39, 8, 4, 34, 41]]
39->42: [[39, 8, 1, 0, 18, 35, 21, 42]]
39->43: [[39, 8, 1, 0, 43]]
40->0: [[40, 7, 5, 3, 0]]
40->1: [[40, 7, 5, 6, 8, 1]]
40->2: [[40, 7, 5, 3, 14, 19, 20, 2]]
40->3: [[40, 7, 5, 3]]
40->4: [[40, 7, 5, 6, 8, 4]]
40->5: [[40, 7, 5]]
40->6: [[40, 7, 5, 6]]
40->7: [[40, 7]]
40->8: [[40, 7, 5, 6, 8]]
40->9: [[40, 7, 5, 3, 9]]
40->10: [[40, 7, 5, 6, 8, 4, 10]]
40->11: [[40, 7, 11]]
40->12: [[40, 7, 11, 12]]
40->13: [[40, 7, 11, 13]]
40->14: [[40, 7, 5, 3, 14]]
40->15: [[40, 7, 11, 16, 15]]
40->16: [[40, 7, 11, 16]]
40->17: [[40, 7, 5, 6, 8, 1, 17]]
40->18: [[40, 7, 5, 3, 0, 18]]
40->19: [[40, 7, 5, 3, 14, 19]]
40->20: [[40, 7, 5, 3, 14, 19, 20]]
40->21: [[40, 7, 5, 3, 0, 18, 35, 21]]
40->22: [[40, 7, 22]]
40->23: [[40, 7, 22, 23], [40, 7, 11, 12, 23]]
40->24: [[40, 7, 22, 24]]
40->25: [[40, 7, 5, 3, 14, 19, 20, 25]]
40->26: [[40, 7, 5, 3, 26]]
40->27: [[40, 7, 5, 3, 14, 19, 20, 28, 27]]
40->28: [[40, 7, 5, 3, 14, 19, 20, 28]]
40->29: [[40, 7, 5, 3, 0, 18, 29]]
40->30: [[40, 7, 5, 6, 8, 1, 30]]
40->31: [[40, 7, 5, 3, 14, 19, 31]]
40->32: [[40, 7, 5, 6, 8, 4, 32]]
40->33: [[40, 7, 5, 3, 0, 18, 33]]
40->34: [[40, 7, 5, 3, 26, 34]]
40->35: [[40, 7, 5, 3, 0, 18, 35]]
40->36: [[40, 7, 11, 16, 36]]
40->37: [[40, 7, 5, 3, 37]]
40->38: [[40, 7, 5, 3, 38]]
40->39: [[40, 7, 5, 6, 8, 39]]
40->41: [[40, 7, 5, 3, 26, 34, 41]]
40->42: [[40, 7, 5, 3, 0, 18, 35, 21, 42]]
40->43: [[40, 7, 5, 3, 0, 43]]
41->0: [[41, 34, 4, 8, 1, 0]]
41->1: [[41, 34, 4, 8, 1]]
41->2: [[41, 34, 4, 32, 2]]
41->3: [[41, 34, 26, 3]]
41->4: [[41, 34, 4]]
41->5: [[41, 34, 26, 3, 5]]
41->6: [[41, 34, 6]]
41->7: [[41, 34, 26, 3, 5, 7]]
41->8: [[41, 34, 4, 8]]
41->9: [[41, 34, 26, 3, 9]]
41->10: [[41, 34, 26, 10]]
41->11: [[41, 34, 26, 3, 5, 11]]
41->12: [[41, 34, 26, 3, 5, 11, 12]]
41->13: [[41, 34, 26, 3, 5, 11, 13]]
41->14: [[41, 34, 26, 3, 14]]
41->15: [[41, 34, 26, 3, 5, 11, 16, 15]]
41->16: [[41, 34, 26, 3, 5, 11, 16]]
41->17: [[41, 34, 26, 18, 17]]
41->18: [[41, 34, 26, 18]]
41->19: [[41, 34, 26, 3, 14, 19]]
41->20: [[41, 34, 26, 3, 14, 19, 20]]
41->21: [[41, 34, 26, 18, 35, 21]]
41->22: [[41, 34, 26, 3, 5, 7, 22]]
41->23: [[41, 34, 26, 3, 5, 11, 12, 23]]
41->24: [[41, 34, 26, 3, 5, 7, 22, 24]]
41->25: [[41, 34, 26, 3, 14, 19, 20, 25]]
41->26: [[41, 34, 26]]
41->27: [[41, 34, 4, 8, 28, 27], [41, 34, 26, 3, 14, 19, 20, 28, 27]]
41->28: [[41, 34, 4, 8, 28], [41, 34, 26, 3, 14, 19, 20, 28]]
41->29: [[41, 34, 26, 18, 29]]
41->30: [[41, 34, 4, 8, 1, 30]]
41->31: [[41, 34, 26, 3, 14, 19, 31]]
41->32: [[41, 34, 4, 32]]
41->33: [[41, 34, 26, 18, 33]]
41->34: [[41, 34]]
41->35: [[41, 34, 26, 18, 35]]
41->36: [[41, 34, 26, 3, 5, 11, 16, 36]]
41->37: [[41, 34, 26, 3, 37]]
41->38: [[41, 34, 26, 3, 38]]
41->39: [[41, 34, 4, 8, 39]]
41->40: [[41, 34, 26, 3, 5, 7, 40]]
41->42: [[41, 34, 26, 18, 35, 21, 42]]
41->43: [[41, 34, 4, 8, 1, 0, 43]]
42->0: [[42, 21, 35, 18, 0]]
42->1: [[42, 21, 35, 18, 0, 1]]
42->2: [[42, 21, 2]]
42->3: [[42, 21, 35, 18, 0, 3]]
42->4: [[42, 21, 2, 32, 4]]
42->5: [[42, 21, 35, 18, 0, 3, 5]]
42->6: [[42, 21, 35, 18, 0, 1, 8, 6]]
42->7: [[42, 21, 35, 18, 0, 3, 5, 7]]
42->8: [[42, 21, 35, 18, 0, 1, 8]]
42->9: [[42, 21, 35, 18, 0, 3, 9]]
42->10: [[42, 21, 35, 18, 26, 10], [42, 21, 2, 32, 4, 10]]
42->11: [[42, 21, 35, 18, 0, 3, 5, 11]]
42->12: [[42, 21, 35, 18, 0, 3, 5, 11, 12]]
42->13: [[42, 21, 35, 18, 0, 3, 5, 11, 13]]
42->14: [[42, 21, 2, 20, 19, 14]]
42->15: [[42, 21, 35, 18, 0, 3, 5, 11, 16, 15]]
42->16: [[42, 21, 35, 18, 0, 3, 5, 11, 16]]
42->17: [[42, 21, 35, 18, 17]]
42->18: [[42, 21, 35, 18]]
42->19: [[42, 21, 2, 20, 19]]
42->20: [[42, 21, 2, 20]]
42->21: [[42, 21]]
42->22: [[42, 21, 35, 18, 0, 3, 5, 7, 22]]
42->23: [[42, 21, 35, 18, 0, 3, 5, 11, 12, 23]]
42->24: [[42, 21, 35, 18, 0, 3, 5, 7, 22, 24]]
42->25: [[42, 21, 2, 20, 25]]
42->26: [[42, 21, 35, 18, 26]]
42->27: [[42, 21, 2, 20, 28, 27]]
42->28: [[42, 21, 2, 20, 28]]
42->29: [[42, 21, 35, 18, 29]]
42->30: [[42, 21, 35, 18, 0, 1, 30]]
42->31: [[42, 21, 2, 20, 19, 31]]
42->32: [[42, 21, 2, 32]]
42->33: [[42, 21, 35, 18, 33]]
42->34: [[42, 21, 35, 18, 26, 34]]
42->35: [[42, 21, 35]]
42->36: [[42, 21, 35, 18, 0, 3, 5, 11, 16, 36]]
42->37: [[42, 21, 35, 18, 0, 3, 37]]
42->38: [[42, 21, 35, 18, 0, 3, 38]]
42->39: [[42, 21, 35, 18, 0, 1, 8, 39]]
42->40: [[42, 21, 35, 18, 0, 3, 5, 7, 40]]
42->41: [[42, 21, 35, 18, 26, 34, 41]]
42->43: [[42, 21, 35, 18, 0, 43]]
43->0: [[43, 0]]
43->1: [[43, 0, 1]]
43->2: [[43, 0, 2]]
43->3: [[43, 0, 3]]
43->4: [[43, 0, 1, 8, 4]]
43->5: [[43, 0, 3, 5]]
43->6: [[43, 0, 1, 8, 6]]
43->7: [[43, 0, 3, 5, 7]]
43->8: [[43, 0, 1, 8]]
43->9: [[43, 0, 3, 9]]
43->10: [[43, 0, 1, 8, 4, 10]]
43->11: [[43, 0, 3, 5, 11]]
43->12: [[43, 0, 3, 5, 11, 12]]
43->13: [[43, 0, 3, 5, 11, 13]]
43->14: [[43, 0, 3, 14]]
43->15: [[43, 0, 3, 5, 11, 16, 15]]
43->16: [[43, 0, 3, 5, 11, 16]]
43->17: [[43, 0, 18, 17]]
43->18: [[43, 0, 18]]
43->19: [[43, 0, 3, 14, 19]]
43->20: [[43, 0, 3, 14, 19, 20]]
43->21: [[43, 0, 18, 35, 21]]
43->22: [[43, 0, 3, 5, 7, 22]]
43->23: [[43, 0, 3, 5, 11, 12, 23]]
43->24: [[43, 0, 3, 5, 7, 22, 24]]
43->25: [[43, 0, 3, 14, 19, 20, 25]]
43->26: [[43, 0, 18, 26]]
43->27: [[43, 0, 1, 8, 28, 27]]
43->28: [[43, 0, 1, 8, 28]]
43->29: [[43, 0, 18, 29]]
43->30: [[43, 0, 1, 30]]
43->31: [[43, 0, 3, 14, 19, 31]]
43->32: [[43, 0, 2, 32]]
43->33: [[43, 0, 18, 33]]
43->34: [[43, 0, 1, 8, 4, 34]]
43->35: [[43, 0, 18, 35]]
43->36: [[43, 0, 3, 5, 11, 16, 36]]
43->37: [[43, 0, 3, 37]]
43->38: [[43, 0, 3, 38]]
43->39: [[43, 0, 1, 8, 39]]
43->40: [[43, 0, 3, 5, 7, 40]]
43->41: [[43, 0, 1, 8, 4, 34, 41]]
43->42: [[43, 0, 18, 35, 21, 42]]
