0->1: [[0, 1]]
0->2: [[0, 2]]
0->3: [[0, 3]]
0->4: [[0, 3, 29, 8, 7, 4]]
0->5: [[0, 3, 14, 5]]
0->6: [[0, 3, 29, 8, 7, 4, 6]]
0->7: [[0, 3, 29, 8, 7]]
0->8: [[0, 3, 29, 8]]
0->9: [[0, 3, 29, 8, 9], [0, 3, 14, 31, 9]]
0->10: [[0, 1, 17, 18, 11, 10]]
0->11: [[0, 1, 17, 18, 11]]
0->12: [[0, 3, 29, 8, 12]]
0->13: [[0, 3, 29, 8, 13]]
0->14: [[0, 3, 14]]
0->15: [[0, 3, 27, 15]]
0->16: [[0, 3, 27, 16]]
0->17: [[0, 1, 17]]
0->18: [[0, 1, 17, 18]]
0->19: [[0, 1, 17, 19]]
0->20: [[0, 1, 17, 18, 11, 20]]
0->21: [[0, 1, 17, 18, 11, 20, 21]]
0->22: [[0, 3, 14, 22]]
0->23: [[0, 1, 17, 18, 11, 23]]
0->24: [[0, 1, 17, 18, 11, 25, 24]]
0->25: [[0, 1, 17, 18, 11, 25]]
0->26: [[0, 1, 26]]
0->27: [[0, 3, 27]]
0->28: [[0, 3, 14, 28]]
0->29: [[0, 3, 29]]
0->30: [[0, 1, 17, 18, 30]]
0->31: [[0, 3, 14, 31]]
0->32: [[0, 1, 17, 18, 32]]
0->33: [[0, 1, 17, 18, 33]]
0->34: [[0, 1, 17, 18, 34]]
0->35: [[0, 3, 14, 35]]
0->36: [[0, 1, 17, 18, 11, 36]]
0->37: [[0, 1, 17, 18, 11, 36, 37]]
0->38: [[0, 3, 14, 38]]
0->39: [[0, 1, 17, 18, 39]]
0->40: [[0, 1, 17, 18, 40]]
0->41: [[0, 3, 14, 41]]
0->42: [[0, 1, 17, 18, 42]]
0->43: [[0, 1, 17, 18, 43]]
0->44: [[0, 3, 14, 44], [0, 3, 29, 8, 44]]
0->45: [[0, 3, 14, 45]]
0->46: [[0, 3, 14, 44, 46], [0, 3, 29, 8, 44, 46]]
0->47: [[0, 3, 14, 47]]
0->48: [[0, 1, 17, 18, 11, 48]]
1->0: [[1, 0]]
1->2: [[1, 0, 2]]
1->3: [[1, 3]]
1->4: [[1, 29, 8, 7, 4], [1, 3, 29, 8, 7, 4]]
1->5: [[1, 17, 14, 5], [1, 3, 14, 5]]
1->6: [[1, 29, 8, 7, 4, 6], [1, 3, 29, 8, 7, 4, 6]]
1->7: [[1, 29, 8, 7], [1, 3, 29, 8, 7]]
1->8: [[1, 29, 8], [1, 3, 29, 8]]
1->9: [[1, 29, 8, 9], [1, 3, 29, 8, 9], [1, 17, 14, 31, 9], [1, 3, 14, 31, 9]]
1->10: [[1, 17, 18, 11, 10]]
1->11: [[1, 17, 18, 11]]
1->12: [[1, 29, 8, 12], [1, 3, 29, 8, 12]]
1->13: [[1, 29, 8, 13], [1, 3, 29, 8, 13]]
1->14: [[1, 17, 14], [1, 3, 14]]
1->15: [[1, 3, 27, 15]]
1->16: [[1, 3, 27, 16]]
1->17: [[1, 17]]
1->18: [[1, 17, 18]]
1->19: [[1, 17, 19]]
1->20: [[1, 17, 18, 11, 20]]
1->21: [[1, 17, 18, 11, 20, 21]]
1->22: [[1, 17, 14, 22], [1, 3, 14, 22]]
1->23: [[1, 17, 18, 11, 23]]
1->24: [[1, 17, 18, 11, 25, 24]]
1->25: [[1, 17, 18, 11, 25]]
1->26: [[1, 26]]
1->27: [[1, 3, 27]]
1->28: [[1, 17, 14, 28], [1, 3, 14, 28]]
1->29: [[1, 29], [1, 3, 29]]
1->30: [[1, 17, 18, 30]]
1->31: [[1, 17, 14, 31], [1, 3, 14, 31]]
1->32: [[1, 17, 18, 32]]
1->33: [[1, 17, 18, 33]]
1->34: [[1, 17, 18, 34]]
1->35: [[1, 17, 14, 35], [1, 3, 14, 35]]
1->36: [[1, 17, 18, 11, 36]]
1->37: [[1, 17, 18, 11, 36, 37]]
1->38: [[1, 17, 14, 38], [1, 3, 14, 38]]
1->39: [[1, 17, 18, 39]]
1->40: [[1, 17, 18, 40]]
1->41: [[1, 17, 14, 41], [1, 3, 14, 41]]
1->42: [[1, 17, 18, 42]]
1->43: [[1, 17, 18, 43]]
1->44: [[1, 17, 14, 44], [1, 3, 14, 44], [1, 29, 8, 44], [1, 3, 29, 8, 44]]
1->45: [[1, 17, 14, 45], [1, 3, 14, 45]]
1->46: [[1, 17, 14, 44, 46], [1, 3, 14, 44, 46], [1, 29, 8, 44, 46], [1, 3, 29, 8, 44, 46]]
1->47: [[1, 17, 14, 47], [1, 3, 14, 47]]
1->48: [[1, 17, 18, 11, 48]]
2->0: [[2, 0]]
2->1: [[2, 0, 1]]
2->3: [[2, 0, 3]]
2->4: [[2, 0, 3, 29, 8, 7, 4]]
2->5: [[2, 0, 3, 14, 5]]
2->6: [[2, 0, 3, 29, 8, 7, 4, 6]]
2->7: [[2, 0, 3, 29, 8, 7]]
2->8: [[2, 0, 3, 29, 8]]
2->9: [[2, 0, 3, 29, 8, 9], [2, 0, 3, 14, 31, 9]]
2->10: [[2, 0, 1, 17, 18, 11, 10]]
2->11: [[2, 0, 1, 17, 18, 11]]
2->12: [[2, 0, 3, 29, 8, 12]]
2->13: [[2, 0, 3, 29, 8, 13]]
2->14: [[2, 0, 3, 14]]
2->15: [[2, 0, 3, 27, 15]]
2->16: [[2, 0, 3, 27, 16]]
2->17: [[2, 0, 1, 17]]
2->18: [[2, 0, 1, 17, 18]]
2->19: [[2, 0, 1, 17, 19]]
2->20: [[2, 0, 1, 17, 18, 11, 20]]
2->21: [[2, 0, 1, 17, 18, 11, 20, 21]]
2->22: [[2, 0, 3, 14, 22]]
2->23: [[2, 0, 1, 17, 18, 11, 23]]
2->24: [[2, 0, 1, 17, 18, 11, 25, 24]]
2->25: [[2, 0, 1, 17, 18, 11, 25]]
2->26: [[2, 0, 1, 26]]
2->27: [[2, 0, 3, 27]]
2->28: [[2, 0, 3, 14, 28]]
2->29: [[2, 0, 3, 29]]
2->30: [[2, 0, 1, 17, 18, 30]]
2->31: [[2, 0, 3, 14, 31]]
2->32: [[2, 0, 1, 17, 18, 32]]
2->33: [[2, 0, 1, 17, 18, 33]]
2->34: [[2, 0, 1, 17, 18, 34]]
2->35: [[2, 0, 3, 14, 35]]
2->36: [[2, 0, 1, 17, 18, 11, 36]]
2->37: [[2, 0, 1, 17, 18, 11, 36, 37]]
2->38: [[2, 0, 3, 14, 38]]
2->39: [[2, 0, 1, 17, 18, 39]]
2->40: [[2, 0, 1, 17, 18, 40]]
2->41: [[2, 0, 3, 14, 41]]
2->42: [[2, 0, 1, 17, 18, 42]]
2->43: [[2, 0, 1, 17, 18, 43]]
2->44: [[2, 0, 3, 14, 44], [2, 0, 3, 29, 8, 44]]
2->45: [[2, 0, 3, 14, 45]]
2->46: [[2, 0, 3, 14, 44, 46], [2, 0, 3, 29, 8, 44, 46]]
2->47: [[2, 0, 3, 14, 47]]
2->48: [[2, 0, 1, 17, 18, 11, 48]]
3->0: [[3, 0]]
3->1: [[3, 1]]
3->2: [[3, 0, 2]]
3->4: [[3, 29, 8, 7, 4]]
3->5: [[3, 14, 5]]
3->6: [[3, 29, 8, 7, 4, 6]]
3->7: [[3, 29, 8, 7]]
3->8: [[3, 29, 8]]
3->9: [[3, 29, 8, 9], [3, 14, 31, 9]]
3->10: [[3, 27, 18, 11, 10], [3, 1, 17, 18, 11, 10]]
3->11: [[3, 27, 18, 11], [3, 1, 17, 18, 11]]
3->12: [[3, 29, 8, 12]]
3->13: [[3, 29, 8, 13]]
3->14: [[3, 14]]
3->15: [[3, 27, 15]]
3->16: [[3, 27, 16]]
3->17: [[3, 1, 17]]
3->18: [[3, 27, 18], [3, 1, 17, 18]]
3->19: [[3, 1, 17, 19]]
3->20: [[3, 27, 18, 11, 20], [3, 1, 17, 18, 11, 20]]
3->21: [[3, 27, 18, 11, 20, 21], [3, 1, 17, 18, 11, 20, 21]]
3->22: [[3, 14, 22]]
3->23: [[3, 27, 18, 11, 23], [3, 1, 17, 18, 11, 23]]
3->24: [[3, 27, 18, 11, 25, 24], [3, 1, 17, 18, 11, 25, 24]]
3->25: [[3, 27, 18, 11, 25], [3, 1, 17, 18, 11, 25]]
3->26: [[3, 1, 26]]
3->27: [[3, 27]]
3->28: [[3, 14, 28]]
3->29: [[3, 29]]
3->30: [[3, 27, 18, 30], [3, 1, 17, 18, 30]]
3->31: [[3, 14, 31]]
3->32: [[3, 27, 18, 32], [3, 1, 17, 18, 32]]
3->33: [[3, 27, 18, 33], [3, 1, 17, 18, 33]]
3->34: [[3, 27, 18, 34], [3, 1, 17, 18, 34]]
3->35: [[3, 14, 35]]
3->36: [[3, 27, 18, 11, 36], [3, 1, 17, 18, 11, 36]]
3->37: [[3, 27, 18, 11, 36, 37], [3, 1, 17, 18, 11, 36, 37]]
3->38: [[3, 14, 38]]
3->39: [[3, 27, 18, 39], [3, 1, 17, 18, 39]]
3->40: [[3, 27, 18, 40], [3, 1, 17, 18, 40]]
3->41: [[3, 14, 41]]
3->42: [[3, 27, 18, 42], [3, 1, 17, 18, 42], [3, 14, 41, 42]]
3->43: [[3, 27, 18, 43], [3, 1, 17, 18, 43]]
3->44: [[3, 14, 44], [3, 29, 8, 44]]
3->45: [[3, 14, 45]]
3->46: [[3, 14, 44, 46], [3, 29, 8, 44, 46]]
3->47: [[3, 14, 47]]
3->48: [[3, 27, 18, 11, 48], [3, 1, 17, 18, 11, 48]]
4->0: [[4, 7, 8, 29, 3, 0]]
4->1: [[4, 7, 8, 29, 1], [4, 7, 8, 29, 3, 1]]
4->2: [[4, 7, 8, 29, 3, 0, 2]]
4->3: [[4, 7, 8, 29, 3]]
4->5: [[4, 5]]
4->6: [[4, 6]]
4->7: [[4, 7]]
4->8: [[4, 7, 8]]
4->9: [[4, 7, 8, 9]]
4->10: [[4, 7, 8, 27, 18, 11, 10]]
4->11: [[4, 7, 8, 27, 18, 11]]
4->12: [[4, 7, 12]]
4->13: [[4, 7, 13], [4, 7, 8, 13]]
4->14: [[4, 7, 8, 14]]
4->15: [[4, 7, 8, 27, 15]]
4->16: [[4, 7, 8, 27, 16]]
4->17: [[4, 7, 8, 14, 17]]
4->18: [[4, 7, 8, 27, 18]]
4->19: [[4, 7, 8, 14, 17, 19]]
4->20: [[4, 7, 8, 27, 18, 11, 20]]
4->21: [[4, 7, 8, 27, 18, 11, 20, 21]]
4->22: [[4, 7, 8, 14, 22]]
4->23: [[4, 7, 8, 27, 18, 11, 23]]
4->24: [[4, 7, 8, 27, 18, 11, 25, 24]]
4->25: [[4, 7, 8, 27, 18, 11, 25]]
4->26: [[4, 7, 8, 29, 1, 26], [4, 7, 8, 29, 3, 1, 26]]
4->27: [[4, 7, 8, 27]]
4->28: [[4, 7, 8, 14, 28]]
4->29: [[4, 7, 8, 29]]
4->30: [[4, 7, 8, 27, 18, 30]]
4->31: [[4, 7, 8, 31]]
4->32: [[4, 7, 8, 27, 18, 32]]
4->33: [[4, 7, 8, 27, 18, 33]]
4->34: [[4, 7, 8, 27, 18, 34]]
4->35: [[4, 7, 8, 14, 35]]
4->36: [[4, 7, 8, 27, 18, 11, 36]]
4->37: [[4, 7, 8, 27, 18, 11, 36, 37]]
4->38: [[4, 7, 8, 14, 38]]
4->39: [[4, 7, 8, 27, 18, 39]]
4->40: [[4, 7, 8, 27, 18, 40]]
4->41: [[4, 7, 8, 14, 41]]
4->42: [[4, 7, 8, 14, 41, 42]]
4->43: [[4, 7, 8, 27, 18, 43]]
4->44: [[4, 7, 8, 44]]
4->45: [[4, 7, 8, 14, 45]]
4->46: [[4, 7, 8, 44, 46]]
4->47: [[4, 7, 8, 14, 47]]
4->48: [[4, 7, 8, 27, 18, 11, 48]]
5->0: [[5, 14, 3, 0]]
5->1: [[5, 14, 17, 1], [5, 14, 3, 1]]
5->2: [[5, 14, 3, 0, 2]]
5->3: [[5, 14, 3]]
5->4: [[5, 4]]
5->6: [[5, 4, 6]]
5->7: [[5, 14, 8, 7]]
5->8: [[5, 14, 8]]
5->9: [[5, 14, 31, 9]]
5->10: [[5, 14, 17, 18, 11, 10]]
5->11: [[5, 14, 17, 18, 11]]
5->12: [[5, 14, 8, 12]]
5->13: [[5, 14, 8, 13]]
5->14: [[5, 14]]
5->15: [[5, 14, 3, 27, 15]]
5->16: [[5, 14, 3, 27, 16]]
5->17: [[5, 14, 17]]
5->18: [[5, 14, 17, 18]]
5->19: [[5, 14, 17, 19]]
5->20: [[5, 14, 17, 18, 11, 20]]
5->21: [[5, 14, 17, 18, 11, 20, 21]]
5->22: [[5, 14, 22]]
5->23: [[5, 14, 17, 18, 11, 23]]
5->24: [[5, 14, 17, 18, 11, 25, 24]]
5->25: [[5, 14, 17, 18, 11, 25]]
5->26: [[5, 14, 17, 1, 26], [5, 14, 3, 1, 26]]
5->27: [[5, 14, 3, 27]]
5->28: [[5, 14, 28]]
5->29: [[5, 14, 3, 29]]
5->30: [[5, 14, 17, 18, 30]]
5->31: [[5, 14, 31]]
5->32: [[5, 14, 17, 18, 32]]
5->33: [[5, 14, 17, 18, 33]]
5->34: [[5, 14, 17, 18, 34]]
5->35: [[5, 14, 35]]
5->36: [[5, 14, 17, 18, 11, 36]]
5->37: [[5, 14, 17, 18, 11, 36, 37]]
5->38: [[5, 14, 38]]
5->39: [[5, 14, 17, 18, 39]]
5->40: [[5, 14, 17, 18, 40]]
5->41: [[5, 14, 41]]
5->42: [[5, 14, 41, 42]]
5->43: [[5, 14, 17, 18, 43]]
5->44: [[5, 14, 44]]
5->45: [[5, 14, 45]]
5->46: [[5, 14, 44, 46]]
5->47: [[5, 14, 47]]
5->48: [[5, 14, 17, 18, 11, 48]]
6->0: [[6, 4, 7, 8, 29, 3, 0]]
6->1: [[6, 4, 7, 8, 29, 1], [6, 4, 7, 8, 29, 3, 1]]
6->2: [[6, 4, 7, 8, 29, 3, 0, 2]]
6->3: [[6, 4, 7, 8, 29, 3]]
6->4: [[6, 4]]
6->5: [[6, 4, 5]]
6->7: [[6, 4, 7]]
6->8: [[6, 4, 7, 8]]
6->9: [[6, 4, 7, 8, 9]]
6->10: [[6, 4, 7, 8, 27, 18, 11, 10]]
6->11: [[6, 4, 7, 8, 27, 18, 11]]
6->12: [[6, 4, 7, 12]]
6->13: [[6, 4, 7, 13], [6, 4, 7, 8, 13]]
6->14: [[6, 4, 7, 8, 14]]
6->15: [[6, 4, 7, 8, 27, 15]]
6->16: [[6, 4, 7, 8, 27, 16]]
6->17: [[6, 4, 7, 8, 14, 17]]
6->18: [[6, 4, 7, 8, 27, 18]]
6->19: [[6, 4, 7, 8, 14, 17, 19]]
6->20: [[6, 4, 7, 8, 27, 18, 11, 20]]
6->21: [[6, 4, 7, 8, 27, 18, 11, 20, 21]]
6->22: [[6, 4, 7, 8, 14, 22]]
6->23: [[6, 4, 7, 8, 27, 18, 11, 23]]
6->24: [[6, 4, 7, 8, 27, 18, 11, 25, 24]]
6->25: [[6, 4, 7, 8, 27, 18, 11, 25]]
6->26: [[6, 4, 7, 8, 29, 1, 26], [6, 4, 7, 8, 29, 3, 1, 26]]
6->27: [[6, 4, 7, 8, 27]]
6->28: [[6, 4, 7, 8, 14, 28]]
6->29: [[6, 4, 7, 8, 29]]
6->30: [[6, 4, 7, 8, 27, 18, 30]]
6->31: [[6, 4, 7, 8, 31]]
6->32: [[6, 4, 7, 8, 27, 18, 32]]
6->33: [[6, 4, 7, 8, 27, 18, 33]]
6->34: [[6, 4, 7, 8, 27, 18, 34]]
6->35: [[6, 4, 7, 8, 14, 35]]
6->36: [[6, 4, 7, 8, 27, 18, 11, 36]]
6->37: [[6, 4, 7, 8, 27, 18, 11, 36, 37]]
6->38: [[6, 4, 7, 8, 14, 38]]
6->39: [[6, 4, 7, 8, 27, 18, 39]]
6->40: [[6, 4, 7, 8, 27, 18, 40]]
6->41: [[6, 4, 7, 8, 14, 41]]
6->42: [[6, 4, 7, 8, 14, 41, 42]]
6->43: [[6, 4, 7, 8, 27, 18, 43]]
6->44: [[6, 4, 7, 8, 44]]
6->45: [[6, 4, 7, 8, 14, 45]]
6->46: [[6, 4, 7, 8, 44, 46]]
6->47: [[6, 4, 7, 8, 14, 47]]
6->48: [[6, 4, 7, 8, 27, 18, 11, 48]]
7->0: [[7, 8, 29, 3, 0]]
7->1: [[7, 8, 29, 1], [7, 8, 29, 3, 1]]
7->2: [[7, 8, 29, 3, 0, 2]]
7->3: [[7, 8, 29, 3]]
7->4: [[7, 4]]
7->5: [[7, 8, 14, 5]]
7->6: [[7, 4, 6]]
7->8: [[7, 8]]
7->9: [[7, 8, 9]]
7->10: [[7, 8, 27, 18, 11, 10]]
7->11: [[7, 8, 27, 18, 11]]
7->12: [[7, 12]]
7->13: [[7, 13], [7, 8, 13]]
7->14: [[7, 8, 14]]
7->15: [[7, 8, 27, 15]]
7->16: [[7, 8, 27, 16]]
7->17: [[7, 8, 14, 17]]
7->18: [[7, 8, 27, 18]]
7->19: [[7, 8, 14, 17, 19]]
7->20: [[7, 8, 27, 18, 11, 20]]
7->21: [[7, 8, 27, 18, 11, 20, 21]]
7->22: [[7, 8, 14, 22]]
7->23: [[7, 8, 27, 18, 11, 23]]
7->24: [[7, 8, 27, 18, 11, 25, 24]]
7->25: [[7, 8, 27, 18, 11, 25]]
7->26: [[7, 8, 29, 1, 26], [7, 8, 29, 3, 1, 26]]
7->27: [[7, 8, 27]]
7->28: [[7, 8, 14, 28]]
7->29: [[7, 8, 29]]
7->30: [[7, 8, 27, 18, 30]]
7->31: [[7, 8, 31]]
7->32: [[7, 8, 27, 18, 32]]
7->33: [[7, 8, 27, 18, 33]]
7->34: [[7, 8, 27, 18, 34]]
7->35: [[7, 8, 14, 35]]
7->36: [[7, 8, 27, 18, 11, 36]]
7->37: [[7, 8, 27, 18, 11, 36, 37]]
7->38: [[7, 8, 14, 38]]
7->39: [[7, 8, 27, 18, 39]]
7->40: [[7, 8, 27, 18, 40]]
7->41: [[7, 8, 14, 41]]
7->42: [[7, 8, 14, 41, 42]]
7->43: [[7, 8, 27, 18, 43]]
7->44: [[7, 8, 44]]
7->45: [[7, 8, 14, 45]]
7->46: [[7, 8, 44, 46]]
7->47: [[7, 8, 14, 47]]
7->48: [[7, 8, 27, 18, 11, 48]]
8->0: [[8, 29, 3, 0]]
8->1: [[8, 29, 1], [8, 29, 3, 1]]
8->2: [[8, 29, 3, 0, 2]]
8->3: [[8, 29, 3]]
8->4: [[8, 7, 4]]
8->5: [[8, 14, 5]]
8->6: [[8, 7, 4, 6]]
8->7: [[8, 7]]
8->9: [[8, 9]]
8->10: [[8, 27, 18, 11, 10]]
8->11: [[8, 27, 18, 11]]
8->12: [[8, 12]]
8->13: [[8, 13]]
8->14: [[8, 14]]
8->15: [[8, 27, 15]]
8->16: [[8, 27, 16]]
8->17: [[8, 14, 17]]
8->18: [[8, 27, 18]]
8->19: [[8, 14, 17, 19]]
8->20: [[8, 27, 18, 11, 20]]
8->21: [[8, 27, 18, 11, 20, 21]]
8->22: [[8, 14, 22]]
8->23: [[8, 27, 18, 11, 23]]
8->24: [[8, 27, 18, 11, 25, 24]]
8->25: [[8, 27, 18, 11, 25]]
8->26: [[8, 29, 1, 26], [8, 29, 3, 1, 26]]
8->27: [[8, 27]]
8->28: [[8, 14, 28]]
8->29: [[8, 29]]
8->30: [[8, 27, 18, 30]]
8->31: [[8, 31]]
8->32: [[8, 27, 18, 32]]
8->33: [[8, 27, 18, 33]]
8->34: [[8, 27, 18, 34]]
8->35: [[8, 14, 35]]
8->36: [[8, 27, 18, 11, 36]]
8->37: [[8, 27, 18, 11, 36, 37]]
8->38: [[8, 14, 38]]
8->39: [[8, 27, 18, 39]]
8->40: [[8, 27, 18, 40]]
8->41: [[8, 14, 41]]
8->42: [[8, 14, 41, 42]]
8->43: [[8, 27, 18, 43]]
8->44: [[8, 44]]
8->45: [[8, 14, 45]]
8->46: [[8, 44, 46]]
8->47: [[8, 14, 47]]
8->48: [[8, 27, 18, 11, 48]]
9->0: [[9, 31, 14, 3, 0], [9, 8, 29, 3, 0]]
9->1: [[9, 8, 29, 1], [9, 31, 14, 17, 1], [9, 31, 14, 3, 1], [9, 8, 29, 3, 1]]
9->2: [[9, 31, 14, 3, 0, 2], [9, 8, 29, 3, 0, 2]]
9->3: [[9, 31, 14, 3], [9, 8, 29, 3]]
9->4: [[9, 8, 7, 4]]
9->5: [[9, 31, 14, 5]]
9->6: [[9, 8, 7, 4, 6]]
9->7: [[9, 8, 7]]
9->8: [[9, 8]]
9->10: [[9, 8, 27, 18, 11, 10]]
9->11: [[9, 8, 27, 18, 11]]
9->12: [[9, 8, 12]]
9->13: [[9, 8, 13]]
9->14: [[9, 31, 14]]
9->15: [[9, 8, 27, 15]]
9->16: [[9, 8, 27, 16]]
9->17: [[9, 31, 14, 17]]
9->18: [[9, 8, 27, 18]]
9->19: [[9, 31, 14, 17, 19]]
9->20: [[9, 8, 27, 18, 11, 20]]
9->21: [[9, 8, 27, 18, 11, 20, 21]]
9->22: [[9, 31, 14, 22]]
9->23: [[9, 8, 27, 18, 11, 23]]
9->24: [[9, 8, 27, 18, 11, 25, 24]]
9->25: [[9, 8, 27, 18, 11, 25]]
9->26: [[9, 8, 29, 1, 26], [9, 31, 14, 17, 1, 26], [9, 31, 14, 3, 1, 26], [9, 8, 29, 3, 1, 26]]
9->27: [[9, 8, 27]]
9->28: [[9, 31, 14, 28]]
9->29: [[9, 8, 29]]
9->30: [[9, 8, 27, 18, 30]]
9->31: [[9, 31]]
9->32: [[9, 8, 27, 18, 32]]
9->33: [[9, 8, 27, 18, 33]]
9->34: [[9, 8, 27, 18, 34]]
9->35: [[9, 31, 14, 35]]
9->36: [[9, 8, 27, 18, 11, 36]]
9->37: [[9, 8, 27, 18, 11, 36, 37]]
9->38: [[9, 31, 14, 38]]
9->39: [[9, 8, 27, 18, 39]]
9->40: [[9, 8, 27, 18, 40]]
9->41: [[9, 31, 14, 41]]
9->42: [[9, 31, 14, 41, 42]]
9->43: [[9, 8, 27, 18, 43]]
9->44: [[9, 8, 44]]
9->45: [[9, 31, 14, 45]]
9->46: [[9, 8, 44, 46]]
9->47: [[9, 31, 14, 47]]
9->48: [[9, 8, 27, 18, 11, 48]]
10->0: [[10, 11, 18, 17, 1, 0]]
10->1: [[10, 11, 18, 17, 1]]
10->2: [[10, 11, 18, 17, 1, 0, 2]]
10->3: [[10, 11, 18, 27, 3], [10, 11, 18, 17, 1, 3]]
10->4: [[10, 11, 18, 27, 8, 7, 4]]
10->5: [[10, 11, 18, 17, 14, 5]]
10->6: [[10, 11, 18, 27, 8, 7, 4, 6]]
10->7: [[10, 11, 18, 27, 8, 7]]
10->8: [[10, 11, 18, 27, 8]]
10->9: [[10, 11, 18, 27, 8, 9]]
10->11: [[10, 11]]
10->12: [[10, 11, 18, 27, 8, 12]]
10->13: [[10, 11, 18, 27, 8, 13]]
10->14: [[10, 11, 18, 17, 14]]
10->15: [[10, 11, 18, 27, 15]]
10->16: [[10, 11, 18, 27, 16]]
10->17: [[10, 11, 18, 17]]
10->18: [[10, 11, 18]]
10->19: [[10, 11, 18, 17, 19]]
10->20: [[10, 11, 20]]
10->21: [[10, 11, 20, 21]]
10->22: [[10, 11, 18, 17, 14, 22]]
10->23: [[10, 11, 23]]
10->24: [[10, 11, 25, 24]]
10->25: [[10, 11, 25]]
10->26: [[10, 11, 18, 17, 1, 26]]
10->27: [[10, 11, 18, 27]]
10->28: [[10, 11, 18, 17, 14, 28]]
10->29: [[10, 11, 18, 17, 1, 29], [10, 11, 18, 27, 3, 29], [10, 11, 18, 17, 1, 3, 29]]
10->30: [[10, 11, 18, 30]]
10->31: [[10, 11, 18, 17, 14, 31]]
10->32: [[10, 11, 18, 32]]
10->33: [[10, 11, 18, 33]]
10->34: [[10, 11, 18, 34]]
10->35: [[10, 11, 18, 17, 14, 35]]
10->36: [[10, 11, 36]]
10->37: [[10, 11, 36, 37]]
10->38: [[10, 11, 18, 17, 14, 38]]
10->39: [[10, 11, 18, 39]]
10->40: [[10, 11, 18, 40]]
10->41: [[10, 11, 18, 42, 41]]
10->42: [[10, 11, 18, 42]]
10->43: [[10, 11, 18, 43]]
10->44: [[10, 11, 18, 27, 8, 44]]
10->45: [[10, 11, 18, 17, 14, 45]]
10->46: [[10, 11, 18, 27, 8, 44, 46]]
10->47: [[10, 11, 18, 17, 14, 47]]
10->48: [[10, 11, 48]]
11->0: [[11, 18, 17, 1, 0]]
11->1: [[11, 18, 17, 1]]
11->2: [[11, 18, 17, 1, 0, 2]]
11->3: [[11, 18, 27, 3], [11, 18, 17, 1, 3]]
11->4: [[11, 18, 27, 8, 7, 4]]
11->5: [[11, 18, 17, 14, 5]]
11->6: [[11, 18, 27, 8, 7, 4, 6]]
11->7: [[11, 18, 27, 8, 7]]
11->8: [[11, 18, 27, 8]]
11->9: [[11, 18, 27, 8, 9]]
11->10: [[11, 10]]
11->12: [[11, 18, 27, 8, 12]]
11->13: [[11, 18, 27, 8, 13]]
11->14: [[11, 18, 17, 14]]
11->15: [[11, 18, 27, 15]]
11->16: [[11, 18, 27, 16]]
11->17: [[11, 18, 17]]
11->18: [[11, 18]]
11->19: [[11, 18, 17, 19]]
11->20: [[11, 20]]
11->21: [[11, 20, 21]]
11->22: [[11, 18, 17, 14, 22]]
11->23: [[11, 23]]
11->24: [[11, 25, 24]]
11->25: [[11, 25]]
11->26: [[11, 18, 17, 1, 26]]
11->27: [[11, 18, 27]]
11->28: [[11, 18, 17, 14, 28]]
11->29: [[11, 18, 17, 1, 29], [11, 18, 27, 3, 29], [11, 18, 17, 1, 3, 29]]
11->30: [[11, 18, 30]]
11->31: [[11, 18, 17, 14, 31]]
11->32: [[11, 18, 32]]
11->33: [[11, 18, 33]]
11->34: [[11, 18, 34]]
11->35: [[11, 18, 17, 14, 35]]
11->36: [[11, 36]]
11->37: [[11, 36, 37]]
11->38: [[11, 18, 17, 14, 38]]
11->39: [[11, 18, 39]]
11->40: [[11, 18, 40]]
11->41: [[11, 18, 42, 41]]
11->42: [[11, 18, 42]]
11->43: [[11, 18, 43]]
11->44: [[11, 18, 27, 8, 44]]
11->45: [[11, 18, 17, 14, 45]]
11->46: [[11, 18, 27, 8, 44, 46]]
11->47: [[11, 18, 17, 14, 47]]
11->48: [[11, 48]]
12->0: [[12, 8, 29, 3, 0]]
12->1: [[12, 8, 29, 1], [12, 8, 29, 3, 1]]
12->2: [[12, 8, 29, 3, 0, 2]]
12->3: [[12, 8, 29, 3]]
12->4: [[12, 7, 4]]
12->5: [[12, 8, 14, 5]]
12->6: [[12, 7, 4, 6]]
12->7: [[12, 7]]
12->8: [[12, 8]]
12->9: [[12, 8, 9]]
12->10: [[12, 8, 27, 18, 11, 10]]
12->11: [[12, 8, 27, 18, 11]]
12->13: [[12, 8, 13]]
12->14: [[12, 8, 14]]
12->15: [[12, 8, 27, 15]]
12->16: [[12, 8, 27, 16]]
12->17: [[12, 8, 14, 17]]
12->18: [[12, 8, 27, 18]]
12->19: [[12, 8, 14, 17, 19]]
12->20: [[12, 8, 27, 18, 11, 20]]
12->21: [[12, 8, 27, 18, 11, 20, 21]]
12->22: [[12, 8, 14, 22]]
12->23: [[12, 8, 27, 18, 11, 23]]
12->24: [[12, 8, 27, 18, 11, 25, 24]]
12->25: [[12, 8, 27, 18, 11, 25]]
12->26: [[12, 8, 29, 1, 26], [12, 8, 29, 3, 1, 26]]
12->27: [[12, 8, 27]]
12->28: [[12, 8, 14, 28]]
12->29: [[12, 8, 29]]
12->30: [[12, 8, 27, 18, 30]]
12->31: [[12, 8, 31]]
12->32: [[12, 8, 27, 18, 32]]
12->33: [[12, 8, 27, 18, 33]]
12->34: [[12, 8, 27, 18, 34]]
12->35: [[12, 8, 14, 35]]
12->36: [[12, 8, 27, 18, 11, 36]]
12->37: [[12, 8, 27, 18, 11, 36, 37]]
12->38: [[12, 8, 14, 38]]
12->39: [[12, 8, 27, 18, 39]]
12->40: [[12, 8, 27, 18, 40]]
12->41: [[12, 8, 14, 41]]
12->42: [[12, 8, 14, 41, 42]]
12->43: [[12, 8, 27, 18, 43]]
12->44: [[12, 8, 44]]
12->45: [[12, 8, 14, 45]]
12->46: [[12, 8, 44, 46]]
12->47: [[12, 8, 14, 47]]
12->48: [[12, 8, 27, 18, 11, 48]]
13->0: [[13, 8, 29, 3, 0]]
13->1: [[13, 8, 29, 1], [13, 8, 29, 3, 1]]
13->2: [[13, 8, 29, 3, 0, 2]]
13->3: [[13, 8, 29, 3]]
13->4: [[13, 7, 4], [13, 8, 7, 4]]
13->5: [[13, 8, 14, 5]]
13->6: [[13, 7, 4, 6], [13, 8, 7, 4, 6]]
13->7: [[13, 7], [13, 8, 7]]
13->8: [[13, 8]]
13->9: [[13, 8, 9]]
13->10: [[13, 8, 27, 18, 11, 10]]
13->11: [[13, 8, 27, 18, 11]]
13->12: [[13, 8, 12]]
13->14: [[13, 8, 14]]
13->15: [[13, 8, 27, 15]]
13->16: [[13, 8, 27, 16]]
13->17: [[13, 8, 14, 17]]
13->18: [[13, 8, 27, 18]]
13->19: [[13, 8, 14, 17, 19]]
13->20: [[13, 8, 27, 18, 11, 20]]
13->21: [[13, 8, 27, 18, 11, 20, 21]]
13->22: [[13, 8, 14, 22]]
13->23: [[13, 8, 27, 18, 11, 23]]
13->24: [[13, 8, 27, 18, 11, 25, 24]]
13->25: [[13, 8, 27, 18, 11, 25]]
13->26: [[13, 8, 29, 1, 26], [13, 8, 29, 3, 1, 26]]
13->27: [[13, 8, 27]]
13->28: [[13, 8, 14, 28]]
13->29: [[13, 8, 29]]
13->30: [[13, 8, 27, 18, 30]]
13->31: [[13, 8, 31]]
13->32: [[13, 8, 27, 18, 32]]
13->33: [[13, 8, 27, 18, 33]]
13->34: [[13, 8, 27, 18, 34]]
13->35: [[13, 8, 14, 35]]
13->36: [[13, 8, 27, 18, 11, 36]]
13->37: [[13, 8, 27, 18, 11, 36, 37]]
13->38: [[13, 8, 14, 38]]
13->39: [[13, 8, 27, 18, 39]]
13->40: [[13, 8, 27, 18, 40]]
13->41: [[13, 8, 14, 41]]
13->42: [[13, 8, 14, 41, 42]]
13->43: [[13, 8, 27, 18, 43]]
13->44: [[13, 8, 44]]
13->45: [[13, 8, 14, 45]]
13->46: [[13, 8, 44, 46]]
13->47: [[13, 8, 14, 47]]
13->48: [[13, 8, 27, 18, 11, 48]]
14->0: [[14, 3, 0]]
14->1: [[14, 17, 1], [14, 3, 1]]
14->2: [[14, 3, 0, 2]]
14->3: [[14, 3]]
14->4: [[14, 8, 7, 4]]
14->5: [[14, 5]]
14->6: [[14, 8, 7, 4, 6]]
14->7: [[14, 8, 7]]
14->8: [[14, 8]]
14->9: [[14, 31, 9]]
14->10: [[14, 17, 18, 11, 10]]
14->11: [[14, 17, 18, 11]]
14->12: [[14, 8, 12]]
14->13: [[14, 8, 13]]
14->15: [[14, 3, 27, 15]]
14->16: [[14, 3, 27, 16]]
14->17: [[14, 17]]
14->18: [[14, 17, 18]]
14->19: [[14, 17, 19]]
14->20: [[14, 17, 18, 11, 20]]
14->21: [[14, 17, 18, 11, 20, 21]]
14->22: [[14, 22]]
14->23: [[14, 17, 18, 11, 23]]
14->24: [[14, 17, 18, 11, 25, 24]]
14->25: [[14, 17, 18, 11, 25]]
14->26: [[14, 17, 1, 26], [14, 3, 1, 26]]
14->27: [[14, 3, 27]]
14->28: [[14, 28]]
14->29: [[14, 3, 29]]
14->30: [[14, 17, 18, 30]]
14->31: [[14, 31]]
14->32: [[14, 17, 18, 32]]
14->33: [[14, 17, 18, 33]]
14->34: [[14, 17, 18, 34]]
14->35: [[14, 35]]
14->36: [[14, 17, 18, 11, 36]]
14->37: [[14, 17, 18, 11, 36, 37]]
14->38: [[14, 38]]
14->39: [[14, 17, 18, 39]]
14->40: [[14, 17, 18, 40]]
14->41: [[14, 41]]
14->42: [[14, 41, 42]]
14->43: [[14, 17, 18, 43]]
14->44: [[14, 44]]
14->45: [[14, 45]]
14->46: [[14, 44, 46]]
14->47: [[14, 47]]
14->48: [[14, 17, 18, 11, 48]]
15->0: [[15, 27, 3, 0]]
15->1: [[15, 27, 3, 1]]
15->2: [[15, 27, 3, 0, 2]]
15->3: [[15, 27, 3]]
15->4: [[15, 27, 8, 7, 4]]
15->5: [[15, 27, 3, 14, 5]]
15->6: [[15, 27, 8, 7, 4, 6]]
15->7: [[15, 27, 8, 7]]
15->8: [[15, 27, 8]]
15->9: [[15, 27, 8, 9]]
15->10: [[15, 27, 18, 11, 10]]
15->11: [[15, 27, 18, 11]]
15->12: [[15, 27, 8, 12]]
15->13: [[15, 27, 8, 13]]
15->14: [[15, 27, 3, 14]]
15->16: [[15, 16]]
15->17: [[15, 27, 18, 17], [15, 27, 3, 1, 17]]
15->18: [[15, 27, 18]]
15->19: [[15, 27, 18, 17, 19], [15, 27, 3, 1, 17, 19]]
15->20: [[15, 27, 18, 11, 20]]
15->21: [[15, 27, 18, 11, 20, 21]]
15->22: [[15, 27, 3, 14, 22]]
15->23: [[15, 27, 18, 11, 23]]
15->24: [[15, 27, 18, 11, 25, 24]]
15->25: [[15, 27, 18, 11, 25]]
15->26: [[15, 27, 3, 1, 26]]
15->27: [[15, 27]]
15->28: [[15, 27, 3, 14, 28]]
15->29: [[15, 27, 3, 29]]
15->30: [[15, 27, 18, 30]]
15->31: [[15, 27, 8, 31]]
15->32: [[15, 27, 18, 32]]
15->33: [[15, 27, 18, 33]]
15->34: [[15, 27, 18, 34]]
15->35: [[15, 27, 3, 14, 35]]
15->36: [[15, 27, 18, 11, 36]]
15->37: [[15, 27, 18, 11, 36, 37]]
15->38: [[15, 27, 3, 14, 38]]
15->39: [[15, 27, 18, 39]]
15->40: [[15, 27, 18, 40]]
15->41: [[15, 27, 18, 42, 41], [15, 27, 3, 14, 41]]
15->42: [[15, 27, 18, 42]]
15->43: [[15, 27, 18, 43]]
15->44: [[15, 27, 8, 44]]
15->45: [[15, 27, 3, 14, 45]]
15->46: [[15, 27, 8, 44, 46]]
15->47: [[15, 27, 3, 14, 47]]
15->48: [[15, 27, 18, 11, 48]]
16->0: [[16, 27, 3, 0]]
16->1: [[16, 27, 3, 1]]
16->2: [[16, 27, 3, 0, 2]]
16->3: [[16, 27, 3]]
16->4: [[16, 27, 8, 7, 4]]
16->5: [[16, 27, 3, 14, 5]]
16->6: [[16, 27, 8, 7, 4, 6]]
16->7: [[16, 27, 8, 7]]
16->8: [[16, 27, 8]]
16->9: [[16, 27, 8, 9]]
16->10: [[16, 27, 18, 11, 10]]
16->11: [[16, 27, 18, 11]]
16->12: [[16, 27, 8, 12]]
16->13: [[16, 27, 8, 13]]
16->14: [[16, 27, 3, 14]]
16->15: [[16, 15]]
16->17: [[16, 27, 18, 17], [16, 27, 3, 1, 17]]
16->18: [[16, 27, 18]]
16->19: [[16, 27, 18, 17, 19], [16, 27, 3, 1, 17, 19]]
16->20: [[16, 27, 18, 11, 20]]
16->21: [[16, 27, 18, 11, 20, 21]]
16->22: [[16, 27, 3, 14, 22]]
16->23: [[16, 27, 18, 11, 23]]
16->24: [[16, 27, 18, 11, 25, 24]]
16->25: [[16, 27, 18, 11, 25]]
16->26: [[16, 27, 3, 1, 26]]
16->27: [[16, 27]]
16->28: [[16, 27, 3, 14, 28]]
16->29: [[16, 27, 3, 29]]
16->30: [[16, 27, 18, 30]]
16->31: [[16, 27, 8, 31]]
16->32: [[16, 27, 18, 32]]
16->33: [[16, 27, 18, 33]]
16->34: [[16, 27, 18, 34]]
16->35: [[16, 27, 3, 14, 35]]
16->36: [[16, 27, 18, 11, 36]]
16->37: [[16, 27, 18, 11, 36, 37]]
16->38: [[16, 27, 3, 14, 38]]
16->39: [[16, 27, 18, 39]]
16->40: [[16, 27, 18, 40]]
16->41: [[16, 27, 18, 42, 41], [16, 27, 3, 14, 41]]
16->42: [[16, 27, 18, 42]]
16->43: [[16, 27, 18, 43]]
16->44: [[16, 27, 8, 44]]
16->45: [[16, 27, 3, 14, 45]]
16->46: [[16, 27, 8, 44, 46]]
16->47: [[16, 27, 3, 14, 47]]
16->48: [[16, 27, 18, 11, 48]]
17->0: [[17, 1, 0]]
17->1: [[17, 1]]
17->2: [[17, 1, 0, 2]]
17->3: [[17, 1, 3]]
17->4: [[17, 14, 8, 7, 4]]
17->5: [[17, 14, 5]]
17->6: [[17, 14, 8, 7, 4, 6]]
17->7: [[17, 14, 8, 7]]
17->8: [[17, 14, 8]]
17->9: [[17, 14, 31, 9]]
17->10: [[17, 18, 11, 10]]
17->11: [[17, 18, 11]]
17->12: [[17, 14, 8, 12]]
17->13: [[17, 14, 8, 13]]
17->14: [[17, 14]]
17->15: [[17, 18, 27, 15], [17, 1, 3, 27, 15]]
17->16: [[17, 18, 27, 16], [17, 1, 3, 27, 16]]
17->18: [[17, 18]]
17->19: [[17, 19]]
17->20: [[17, 18, 11, 20]]
17->21: [[17, 18, 11, 20, 21]]
17->22: [[17, 14, 22]]
17->23: [[17, 18, 11, 23]]
17->24: [[17, 18, 11, 25, 24]]
17->25: [[17, 18, 11, 25]]
17->26: [[17, 1, 26]]
17->27: [[17, 18, 27], [17, 1, 3, 27]]
17->28: [[17, 14, 28]]
17->29: [[17, 1, 29], [17, 1, 3, 29]]
17->30: [[17, 18, 30]]
17->31: [[17, 14, 31]]
17->32: [[17, 18, 32]]
17->33: [[17, 18, 33]]
17->34: [[17, 18, 34]]
17->35: [[17, 14, 35]]
17->36: [[17, 18, 11, 36]]
17->37: [[17, 18, 11, 36, 37]]
17->38: [[17, 14, 38]]
17->39: [[17, 18, 39]]
17->40: [[17, 18, 40]]
17->41: [[17, 14, 41]]
17->42: [[17, 18, 42]]
17->43: [[17, 18, 43]]
17->44: [[17, 14, 44]]
17->45: [[17, 14, 45]]
17->46: [[17, 14, 44, 46]]
17->47: [[17, 14, 47]]
17->48: [[17, 18, 11, 48]]
18->0: [[18, 17, 1, 0]]
18->1: [[18, 17, 1]]
18->2: [[18, 17, 1, 0, 2]]
18->3: [[18, 27, 3], [18, 17, 1, 3]]
18->4: [[18, 27, 8, 7, 4]]
18->5: [[18, 17, 14, 5]]
18->6: [[18, 27, 8, 7, 4, 6]]
18->7: [[18, 27, 8, 7]]
18->8: [[18, 27, 8]]
18->9: [[18, 27, 8, 9]]
18->10: [[18, 11, 10]]
18->11: [[18, 11]]
18->12: [[18, 27, 8, 12]]
18->13: [[18, 27, 8, 13]]
18->14: [[18, 17, 14]]
18->15: [[18, 27, 15]]
18->16: [[18, 27, 16]]
18->17: [[18, 17]]
18->19: [[18, 17, 19]]
18->20: [[18, 11, 20]]
18->21: [[18, 11, 20, 21]]
18->22: [[18, 17, 14, 22]]
18->23: [[18, 11, 23]]
18->24: [[18, 11, 25, 24]]
18->25: [[18, 11, 25]]
18->26: [[18, 17, 1, 26]]
18->27: [[18, 27]]
18->28: [[18, 17, 14, 28]]
18->29: [[18, 17, 1, 29], [18, 27, 3, 29], [18, 17, 1, 3, 29]]
18->30: [[18, 30]]
18->31: [[18, 17, 14, 31]]
18->32: [[18, 32]]
18->33: [[18, 33]]
18->34: [[18, 34]]
18->35: [[18, 17, 14, 35]]
18->36: [[18, 11, 36]]
18->37: [[18, 11, 36, 37]]
18->38: [[18, 17, 14, 38]]
18->39: [[18, 39]]
18->40: [[18, 40]]
18->41: [[18, 42, 41]]
18->42: [[18, 42]]
18->43: [[18, 43]]
18->44: [[18, 27, 8, 44]]
18->45: [[18, 17, 14, 45]]
18->46: [[18, 27, 8, 44, 46]]
18->47: [[18, 17, 14, 47]]
18->48: [[18, 11, 48]]
19->0: [[19, 17, 1, 0]]
19->1: [[19, 17, 1]]
19->2: [[19, 17, 1, 0, 2]]
19->3: [[19, 17, 1, 3]]
19->4: [[19, 17, 14, 8, 7, 4]]
19->5: [[19, 17, 14, 5]]
19->6: [[19, 17, 14, 8, 7, 4, 6]]
19->7: [[19, 17, 14, 8, 7]]
19->8: [[19, 17, 14, 8]]
19->9: [[19, 17, 14, 31, 9]]
19->10: [[19, 17, 18, 11, 10]]
19->11: [[19, 17, 18, 11]]
19->12: [[19, 17, 14, 8, 12]]
19->13: [[19, 17, 14, 8, 13]]
19->14: [[19, 17, 14]]
19->15: [[19, 17, 18, 27, 15], [19, 17, 1, 3, 27, 15]]
19->16: [[19, 17, 18, 27, 16], [19, 17, 1, 3, 27, 16]]
19->17: [[19, 17]]
19->18: [[19, 17, 18]]
19->20: [[19, 17, 18, 11, 20]]
19->21: [[19, 17, 18, 11, 20, 21]]
19->22: [[19, 17, 14, 22]]
19->23: [[19, 17, 18, 11, 23]]
19->24: [[19, 17, 18, 11, 25, 24]]
19->25: [[19, 17, 18, 11, 25]]
19->26: [[19, 26]]
19->27: [[19, 17, 18, 27], [19, 17, 1, 3, 27]]
19->28: [[19, 17, 14, 28]]
19->29: [[19, 17, 1, 29], [19, 17, 1, 3, 29]]
19->30: [[19, 17, 18, 30]]
19->31: [[19, 17, 14, 31]]
19->32: [[19, 17, 18, 32]]
19->33: [[19, 17, 18, 33]]
19->34: [[19, 17, 18, 34]]
19->35: [[19, 17, 14, 35]]
19->36: [[19, 17, 18, 11, 36]]
19->37: [[19, 17, 18, 11, 36, 37]]
19->38: [[19, 17, 14, 38]]
19->39: [[19, 17, 18, 39]]
19->40: [[19, 17, 18, 40]]
19->41: [[19, 17, 14, 41]]
19->42: [[19, 17, 18, 42]]
19->43: [[19, 17, 18, 43]]
19->44: [[19, 17, 14, 44]]
19->45: [[19, 17, 14, 45]]
19->46: [[19, 17, 14, 44, 46]]
19->47: [[19, 17, 14, 47]]
19->48: [[19, 17, 18, 11, 48]]
20->0: [[20, 11, 18, 17, 1, 0]]
20->1: [[20, 11, 18, 17, 1]]
20->2: [[20, 11, 18, 17, 1, 0, 2]]
20->3: [[20, 11, 18, 27, 3], [20, 11, 18, 17, 1, 3]]
20->4: [[20, 11, 18, 27, 8, 7, 4]]
20->5: [[20, 11, 18, 17, 14, 5]]
20->6: [[20, 11, 18, 27, 8, 7, 4, 6]]
20->7: [[20, 11, 18, 27, 8, 7]]
20->8: [[20, 11, 18, 27, 8]]
20->9: [[20, 11, 18, 27, 8, 9]]
20->10: [[20, 11, 10]]
20->11: [[20, 11]]
20->12: [[20, 11, 18, 27, 8, 12]]
20->13: [[20, 11, 18, 27, 8, 13]]
20->14: [[20, 11, 18, 17, 14]]
20->15: [[20, 11, 18, 27, 15]]
20->16: [[20, 11, 18, 27, 16]]
20->17: [[20, 11, 18, 17]]
20->18: [[20, 11, 18]]
20->19: [[20, 11, 18, 17, 19]]
20->21: [[20, 21]]
20->22: [[20, 11, 18, 17, 14, 22]]
20->23: [[20, 11, 23]]
20->24: [[20, 11, 25, 24]]
20->25: [[20, 11, 25]]
20->26: [[20, 11, 18, 17, 1, 26]]
20->27: [[20, 11, 18, 27]]
20->28: [[20, 11, 18, 17, 14, 28]]
20->29: [[20, 11, 18, 17, 1, 29], [20, 11, 18, 27, 3, 29], [20, 11, 18, 17, 1, 3, 29]]
20->30: [[20, 11, 18, 30]]
20->31: [[20, 11, 18, 17, 14, 31]]
20->32: [[20, 11, 18, 32]]
20->33: [[20, 11, 18, 33]]
20->34: [[20, 11, 18, 34]]
20->35: [[20, 11, 18, 17, 14, 35]]
20->36: [[20, 11, 36]]
20->37: [[20, 11, 36, 37]]
20->38: [[20, 11, 18, 17, 14, 38]]
20->39: [[20, 11, 18, 39]]
20->40: [[20, 11, 18, 40]]
20->41: [[20, 11, 18, 42, 41]]
20->42: [[20, 11, 18, 42]]
20->43: [[20, 11, 18, 43]]
20->44: [[20, 11, 18, 27, 8, 44]]
20->45: [[20, 11, 18, 17, 14, 45]]
20->46: [[20, 11, 18, 27, 8, 44, 46]]
20->47: [[20, 11, 18, 17, 14, 47]]
20->48: [[20, 11, 48]]
21->0: [[21, 20, 11, 18, 17, 1, 0]]
21->1: [[21, 20, 11, 18, 17, 1]]
21->2: [[21, 20, 11, 18, 17, 1, 0, 2]]
21->3: [[21, 20, 11, 18, 27, 3], [21, 20, 11, 18, 17, 1, 3]]
21->4: [[21, 20, 11, 18, 27, 8, 7, 4]]
21->5: [[21, 20, 11, 18, 17, 14, 5]]
21->6: [[21, 20, 11, 18, 27, 8, 7, 4, 6]]
21->7: [[21, 20, 11, 18, 27, 8, 7]]
21->8: [[21, 20, 11, 18, 27, 8]]
21->9: [[21, 20, 11, 18, 27, 8, 9]]
21->10: [[21, 20, 11, 10]]
21->11: [[21, 20, 11]]
21->12: [[21, 20, 11, 18, 27, 8, 12]]
21->13: [[21, 20, 11, 18, 27, 8, 13]]
21->14: [[21, 20, 11, 18, 17, 14]]
21->15: [[21, 20, 11, 18, 27, 15]]
21->16: [[21, 20, 11, 18, 27, 16]]
21->17: [[21, 20, 11, 18, 17]]
21->18: [[21, 20, 11, 18]]
21->19: [[21, 20, 11, 18, 17, 19]]
21->20: [[21, 20]]
21->22: [[21, 20, 11, 18, 17, 14, 22]]
21->23: [[21, 20, 11, 23]]
21->24: [[21, 20, 11, 25, 24]]
21->25: [[21, 20, 11, 25]]
21->26: [[21, 20, 11, 18, 17, 1, 26]]
21->27: [[21, 20, 11, 18, 27]]
21->28: [[21, 20, 11, 18, 17, 14, 28]]
21->29: [[21, 20, 11, 18, 17, 1, 29], [21, 20, 11, 18, 27, 3, 29], [21, 20, 11, 18, 17, 1, 3, 29]]
21->30: [[21, 20, 11, 18, 30]]
21->31: [[21, 20, 11, 18, 17, 14, 31]]
21->32: [[21, 20, 11, 18, 32]]
21->33: [[21, 20, 11, 18, 33]]
21->34: [[21, 20, 11, 18, 34]]
21->35: [[21, 20, 11, 18, 17, 14, 35]]
21->36: [[21, 20, 11, 36]]
21->37: [[21, 20, 11, 36, 37]]
21->38: [[21, 20, 11, 18, 17, 14, 38]]
21->39: [[21, 20, 11, 18, 39]]
21->40: [[21, 20, 11, 18, 40]]
21->41: [[21, 20, 11, 18, 42, 41]]
21->42: [[21, 20, 11, 18, 42]]
21->43: [[21, 20, 11, 18, 43]]
21->44: [[21, 20, 11, 18, 27, 8, 44]]
21->45: [[21, 20, 11, 18, 17, 14, 45]]
21->46: [[21, 20, 11, 18, 27, 8, 44, 46]]
21->47: [[21, 20, 11, 18, 17, 14, 47]]
21->48: [[21, 20, 11, 48]]
22->0: [[22, 14, 3, 0]]
22->1: [[22, 14, 17, 1], [22, 14, 3, 1]]
22->2: [[22, 14, 3, 0, 2]]
22->3: [[22, 14, 3]]
22->4: [[22, 14, 8, 7, 4]]
22->5: [[22, 14, 5]]
22->6: [[22, 14, 8, 7, 4, 6]]
22->7: [[22, 14, 8, 7]]
22->8: [[22, 14, 8]]
22->9: [[22, 14, 31, 9]]
22->10: [[22, 14, 17, 18, 11, 10]]
22->11: [[22, 14, 17, 18, 11]]
22->12: [[22, 14, 8, 12]]
22->13: [[22, 14, 8, 13]]
22->14: [[22, 14]]
22->15: [[22, 14, 3, 27, 15]]
22->16: [[22, 14, 3, 27, 16]]
22->17: [[22, 14, 17]]
22->18: [[22, 14, 17, 18]]
22->19: [[22, 14, 17, 19]]
22->20: [[22, 14, 17, 18, 11, 20]]
22->21: [[22, 14, 17, 18, 11, 20, 21]]
22->23: [[22, 14, 17, 18, 11, 23]]
22->24: [[22, 14, 17, 18, 11, 25, 24]]
22->25: [[22, 14, 17, 18, 11, 25]]
22->26: [[22, 14, 17, 1, 26], [22, 14, 3, 1, 26]]
22->27: [[22, 14, 3, 27]]
22->28: [[22, 14, 28]]
22->29: [[22, 14, 3, 29]]
22->30: [[22, 14, 17, 18, 30]]
22->31: [[22, 14, 31]]
22->32: [[22, 14, 17, 18, 32]]
22->33: [[22, 14, 17, 18, 33]]
22->34: [[22, 14, 17, 18, 34]]
22->35: [[22, 14, 35]]
22->36: [[22, 14, 17, 18, 11, 36]]
22->37: [[22, 14, 17, 18, 11, 36, 37]]
22->38: [[22, 14, 38]]
22->39: [[22, 14, 17, 18, 39]]
22->40: [[22, 14, 17, 18, 40]]
22->41: [[22, 14, 41]]
22->42: [[22, 14, 41, 42]]
22->43: [[22, 14, 17, 18, 43]]
22->44: [[22, 14, 44]]
22->45: [[22, 14, 45]]
22->46: [[22, 14, 44, 46]]
22->47: [[22, 14, 47]]
22->48: [[22, 14, 17, 18, 11, 48]]
23->0: [[23, 11, 18, 17, 1, 0]]
23->1: [[23, 11, 18, 17, 1]]
23->2: [[23, 11, 18, 17, 1, 0, 2]]
23->3: [[23, 11, 18, 27, 3], [23, 11, 18, 17, 1, 3]]
23->4: [[23, 11, 18, 27, 8, 7, 4]]
23->5: [[23, 11, 18, 17, 14, 5]]
23->6: [[23, 11, 18, 27, 8, 7, 4, 6]]
23->7: [[23, 11, 18, 27, 8, 7]]
23->8: [[23, 11, 18, 27, 8]]
23->9: [[23, 11, 18, 27, 8, 9]]
23->10: [[23, 11, 10]]
23->11: [[23, 11]]
23->12: [[23, 11, 18, 27, 8, 12]]
23->13: [[23, 11, 18, 27, 8, 13]]
23->14: [[23, 11, 18, 17, 14]]
23->15: [[23, 11, 18, 27, 15]]
23->16: [[23, 11, 18, 27, 16]]
23->17: [[23, 11, 18, 17]]
23->18: [[23, 11, 18]]
23->19: [[23, 11, 18, 17, 19]]
23->20: [[23, 11, 20]]
23->21: [[23, 11, 20, 21]]
23->22: [[23, 11, 18, 17, 14, 22]]
23->24: [[23, 11, 25, 24]]
23->25: [[23, 11, 25]]
23->26: [[23, 11, 18, 17, 1, 26]]
23->27: [[23, 11, 18, 27]]
23->28: [[23, 11, 18, 17, 14, 28]]
23->29: [[23, 11, 18, 17, 1, 29], [23, 11, 18, 27, 3, 29], [23, 11, 18, 17, 1, 3, 29]]
23->30: [[23, 11, 18, 30]]
23->31: [[23, 11, 18, 17, 14, 31]]
23->32: [[23, 11, 18, 32]]
23->33: [[23, 11, 18, 33]]
23->34: [[23, 11, 18, 34]]
23->35: [[23, 11, 18, 17, 14, 35]]
23->36: [[23, 11, 36]]
23->37: [[23, 11, 36, 37]]
23->38: [[23, 11, 18, 17, 14, 38]]
23->39: [[23, 11, 18, 39]]
23->40: [[23, 11, 18, 40]]
23->41: [[23, 11, 18, 42, 41]]
23->42: [[23, 11, 18, 42]]
23->43: [[23, 11, 18, 43]]
23->44: [[23, 11, 18, 27, 8, 44]]
23->45: [[23, 11, 18, 17, 14, 45]]
23->46: [[23, 11, 18, 27, 8, 44, 46]]
23->47: [[23, 11, 18, 17, 14, 47]]
23->48: [[23, 11, 48]]
24->0: [[24, 25, 11, 18, 17, 1, 0]]
24->1: [[24, 25, 11, 18, 17, 1]]
24->2: [[24, 25, 11, 18, 17, 1, 0, 2]]
24->3: [[24, 25, 11, 18, 27, 3], [24, 25, 11, 18, 17, 1, 3]]
24->4: [[24, 25, 11, 18, 27, 8, 7, 4]]
24->5: [[24, 25, 11, 18, 17, 14, 5]]
24->6: [[24, 25, 11, 18, 27, 8, 7, 4, 6]]
24->7: [[24, 25, 11, 18, 27, 8, 7]]
24->8: [[24, 25, 11, 18, 27, 8]]
24->9: [[24, 25, 11, 18, 27, 8, 9]]
24->10: [[24, 25, 11, 10]]
24->11: [[24, 25, 11]]
24->12: [[24, 25, 11, 18, 27, 8, 12]]
24->13: [[24, 25, 11, 18, 27, 8, 13]]
24->14: [[24, 25, 11, 18, 17, 14]]
24->15: [[24, 25, 11, 18, 27, 15]]
24->16: [[24, 25, 11, 18, 27, 16]]
24->17: [[24, 25, 11, 18, 17]]
24->18: [[24, 25, 11, 18]]
24->19: [[24, 25, 11, 18, 17, 19]]
24->20: [[24, 25, 11, 20]]
24->21: [[24, 25, 11, 20, 21]]
24->22: [[24, 25, 11, 18, 17, 14, 22]]
24->23: [[24, 25, 11, 23]]
24->25: [[24, 25]]
24->26: [[24, 25, 11, 18, 17, 1, 26]]
24->27: [[24, 25, 11, 18, 27]]
24->28: [[24, 25, 11, 18, 17, 14, 28]]
24->29: [[24, 25, 11, 18, 17, 1, 29], [24, 25, 11, 18, 27, 3, 29], [24, 25, 11, 18, 17, 1, 3, 29]]
24->30: [[24, 25, 11, 18, 30]]
24->31: [[24, 25, 11, 18, 17, 14, 31]]
24->32: [[24, 25, 11, 18, 32]]
24->33: [[24, 25, 11, 18, 33]]
24->34: [[24, 25, 11, 18, 34]]
24->35: [[24, 25, 11, 18, 17, 14, 35]]
24->36: [[24, 25, 11, 36]]
24->37: [[24, 25, 11, 36, 37]]
24->38: [[24, 25, 11, 18, 17, 14, 38]]
24->39: [[24, 25, 11, 18, 39]]
24->40: [[24, 25, 11, 18, 40]]
24->41: [[24, 25, 11, 18, 42, 41]]
24->42: [[24, 25, 11, 18, 42]]
24->43: [[24, 25, 11, 18, 43]]
24->44: [[24, 25, 11, 18, 27, 8, 44]]
24->45: [[24, 25, 11, 18, 17, 14, 45]]
24->46: [[24, 25, 11, 18, 27, 8, 44, 46]]
24->47: [[24, 25, 11, 18, 17, 14, 47]]
24->48: [[24, 25, 11, 48]]
25->0: [[25, 11, 18, 17, 1, 0]]
25->1: [[25, 11, 18, 17, 1]]
25->2: [[25, 11, 18, 17, 1, 0, 2]]
25->3: [[25, 11, 18, 27, 3], [25, 11, 18, 17, 1, 3]]
25->4: [[25, 11, 18, 27, 8, 7, 4]]
25->5: [[25, 11, 18, 17, 14, 5]]
25->6: [[25, 11, 18, 27, 8, 7, 4, 6]]
25->7: [[25, 11, 18, 27, 8, 7]]
25->8: [[25, 11, 18, 27, 8]]
25->9: [[25, 11, 18, 27, 8, 9]]
25->10: [[25, 11, 10]]
25->11: [[25, 11]]
25->12: [[25, 11, 18, 27, 8, 12]]
25->13: [[25, 11, 18, 27, 8, 13]]
25->14: [[25, 11, 18, 17, 14]]
25->15: [[25, 11, 18, 27, 15]]
25->16: [[25, 11, 18, 27, 16]]
25->17: [[25, 11, 18, 17]]
25->18: [[25, 11, 18]]
25->19: [[25, 11, 18, 17, 19]]
25->20: [[25, 11, 20]]
25->21: [[25, 11, 20, 21]]
25->22: [[25, 11, 18, 17, 14, 22]]
25->23: [[25, 11, 23]]
25->24: [[25, 24]]
25->26: [[25, 11, 18, 17, 1, 26]]
25->27: [[25, 11, 18, 27]]
25->28: [[25, 11, 18, 17, 14, 28]]
25->29: [[25, 11, 18, 17, 1, 29], [25, 11, 18, 27, 3, 29], [25, 11, 18, 17, 1, 3, 29]]
25->30: [[25, 11, 18, 30]]
25->31: [[25, 11, 18, 17, 14, 31]]
25->32: [[25, 11, 18, 32]]
25->33: [[25, 11, 18, 33]]
25->34: [[25, 11, 18, 34]]
25->35: [[25, 11, 18, 17, 14, 35]]
25->36: [[25, 11, 36]]
25->37: [[25, 11, 36, 37]]
25->38: [[25, 11, 18, 17, 14, 38]]
25->39: [[25, 11, 18, 39]]
25->40: [[25, 11, 18, 40]]
25->41: [[25, 11, 18, 42, 41]]
25->42: [[25, 11, 18, 42]]
25->43: [[25, 11, 18, 43]]
25->44: [[25, 11, 18, 27, 8, 44]]
25->45: [[25, 11, 18, 17, 14, 45]]
25->46: [[25, 11, 18, 27, 8, 44, 46]]
25->47: [[25, 11, 18, 17, 14, 47]]
25->48: [[25, 11, 48]]
26->0: [[26, 1, 0]]
26->1: [[26, 1]]
26->2: [[26, 1, 0, 2]]
26->3: [[26, 1, 3]]
26->4: [[26, 1, 29, 8, 7, 4], [26, 1, 3, 29, 8, 7, 4]]
26->5: [[26, 1, 17, 14, 5], [26, 1, 3, 14, 5]]
26->6: [[26, 1, 29, 8, 7, 4, 6], [26, 1, 3, 29, 8, 7, 4, 6]]
26->7: [[26, 1, 29, 8, 7], [26, 1, 3, 29, 8, 7]]
26->8: [[26, 1, 29, 8], [26, 1, 3, 29, 8]]
26->9: [[26, 1, 29, 8, 9], [26, 1, 3, 29, 8, 9], [26, 1, 17, 14, 31, 9], [26, 1, 3, 14, 31, 9]]
26->10: [[26, 1, 17, 18, 11, 10]]
26->11: [[26, 1, 17, 18, 11]]
26->12: [[26, 1, 29, 8, 12], [26, 1, 3, 29, 8, 12]]
26->13: [[26, 1, 29, 8, 13], [26, 1, 3, 29, 8, 13]]
26->14: [[26, 1, 17, 14], [26, 1, 3, 14]]
26->15: [[26, 1, 3, 27, 15]]
26->16: [[26, 1, 3, 27, 16]]
26->17: [[26, 1, 17]]
26->18: [[26, 1, 17, 18]]
26->19: [[26, 19]]
26->20: [[26, 1, 17, 18, 11, 20]]
26->21: [[26, 1, 17, 18, 11, 20, 21]]
26->22: [[26, 1, 17, 14, 22], [26, 1, 3, 14, 22]]
26->23: [[26, 1, 17, 18, 11, 23]]
26->24: [[26, 1, 17, 18, 11, 25, 24]]
26->25: [[26, 1, 17, 18, 11, 25]]
26->27: [[26, 1, 3, 27]]
26->28: [[26, 1, 17, 14, 28], [26, 1, 3, 14, 28]]
26->29: [[26, 1, 29], [26, 1, 3, 29]]
26->30: [[26, 1, 17, 18, 30]]
26->31: [[26, 1, 17, 14, 31], [26, 1, 3, 14, 31]]
26->32: [[26, 1, 17, 18, 32]]
26->33: [[26, 1, 17, 18, 33]]
26->34: [[26, 1, 17, 18, 34]]
26->35: [[26, 1, 17, 14, 35], [26, 1, 3, 14, 35]]
26->36: [[26, 1, 17, 18, 11, 36]]
26->37: [[26, 1, 17, 18, 11, 36, 37]]
26->38: [[26, 1, 17, 14, 38], [26, 1, 3, 14, 38]]
26->39: [[26, 1, 17, 18, 39]]
26->40: [[26, 1, 17, 18, 40]]
26->41: [[26, 1, 17, 14, 41], [26, 1, 3, 14, 41]]
26->42: [[26, 1, 17, 18, 42]]
26->43: [[26, 1, 17, 18, 43]]
26->44: [[26, 1, 17, 14, 44], [26, 1, 3, 14, 44], [26, 1, 29, 8, 44], [26, 1, 3, 29, 8, 44]]
26->45: [[26, 1, 17, 14, 45], [26, 1, 3, 14, 45]]
26->46: [[26, 1, 17, 14, 44, 46], [26, 1, 3, 14, 44, 46], [26, 1, 29, 8, 44, 46], [26, 1, 3, 29, 8, 44, 46]]
26->47: [[26, 1, 17, 14, 47], [26, 1, 3, 14, 47]]
26->48: [[26, 1, 17, 18, 11, 48]]
27->0: [[27, 3, 0]]
27->1: [[27, 3, 1]]
27->2: [[27, 3, 0, 2]]
27->3: [[27, 3]]
27->4: [[27, 8, 7, 4]]
27->5: [[27, 3, 14, 5]]
27->6: [[27, 8, 7, 4, 6]]
27->7: [[27, 8, 7]]
27->8: [[27, 8]]
27->9: [[27, 8, 9]]
27->10: [[27, 18, 11, 10]]
27->11: [[27, 18, 11]]
27->12: [[27, 8, 12]]
27->13: [[27, 8, 13]]
27->14: [[27, 3, 14]]
27->15: [[27, 15]]
27->16: [[27, 16]]
27->17: [[27, 18, 17], [27, 3, 1, 17]]
27->18: [[27, 18]]
27->19: [[27, 18, 17, 19], [27, 3, 1, 17, 19]]
27->20: [[27, 18, 11, 20]]
27->21: [[27, 18, 11, 20, 21]]
27->22: [[27, 3, 14, 22]]
27->23: [[27, 18, 11, 23]]
27->24: [[27, 18, 11, 25, 24]]
27->25: [[27, 18, 11, 25]]
27->26: [[27, 3, 1, 26]]
27->28: [[27, 3, 14, 28]]
27->29: [[27, 3, 29]]
27->30: [[27, 18, 30]]
27->31: [[27, 8, 31]]
27->32: [[27, 18, 32]]
27->33: [[27, 18, 33]]
27->34: [[27, 18, 34]]
27->35: [[27, 3, 14, 35]]
27->36: [[27, 18, 11, 36]]
27->37: [[27, 18, 11, 36, 37]]
27->38: [[27, 3, 14, 38]]
27->39: [[27, 18, 39]]
27->40: [[27, 18, 40]]
27->41: [[27, 18, 42, 41], [27, 3, 14, 41]]
27->42: [[27, 18, 42]]
27->43: [[27, 18, 43]]
27->44: [[27, 8, 44]]
27->45: [[27, 3, 14, 45]]
27->46: [[27, 8, 44, 46]]
27->47: [[27, 3, 14, 47]]
27->48: [[27, 18, 11, 48]]
28->0: [[28, 14, 3, 0]]
28->1: [[28, 14, 17, 1], [28, 14, 3, 1]]
28->2: [[28, 14, 3, 0, 2]]
28->3: [[28, 14, 3]]
28->4: [[28, 14, 8, 7, 4]]
28->5: [[28, 14, 5]]
28->6: [[28, 14, 8, 7, 4, 6]]
28->7: [[28, 14, 8, 7]]
28->8: [[28, 14, 8]]
28->9: [[28, 14, 31, 9]]
28->10: [[28, 14, 17, 18, 11, 10]]
28->11: [[28, 14, 17, 18, 11]]
28->12: [[28, 14, 8, 12]]
28->13: [[28, 14, 8, 13]]
28->14: [[28, 14]]
28->15: [[28, 14, 3, 27, 15]]
28->16: [[28, 14, 3, 27, 16]]
28->17: [[28, 14, 17]]
28->18: [[28, 14, 17, 18]]
28->19: [[28, 14, 17, 19]]
28->20: [[28, 14, 17, 18, 11, 20]]
28->21: [[28, 14, 17, 18, 11, 20, 21]]
28->22: [[28, 14, 22]]
28->23: [[28, 14, 17, 18, 11, 23]]
28->24: [[28, 14, 17, 18, 11, 25, 24]]
28->25: [[28, 14, 17, 18, 11, 25]]
28->26: [[28, 14, 17, 1, 26], [28, 14, 3, 1, 26]]
28->27: [[28, 14, 3, 27]]
28->29: [[28, 14, 3, 29]]
28->30: [[28, 14, 17, 18, 30]]
28->31: [[28, 14, 31]]
28->32: [[28, 14, 17, 18, 32]]
28->33: [[28, 14, 17, 18, 33]]
28->34: [[28, 14, 17, 18, 34]]
28->35: [[28, 14, 35]]
28->36: [[28, 14, 17, 18, 11, 36]]
28->37: [[28, 14, 17, 18, 11, 36, 37]]
28->38: [[28, 14, 38]]
28->39: [[28, 14, 17, 18, 39]]
28->40: [[28, 14, 17, 18, 40]]
28->41: [[28, 14, 41]]
28->42: [[28, 14, 41, 42]]
28->43: [[28, 14, 17, 18, 43]]
28->44: [[28, 14, 44]]
28->45: [[28, 14, 45]]
28->46: [[28, 14, 44, 46]]
28->47: [[28, 14, 47]]
28->48: [[28, 14, 17, 18, 11, 48]]
29->0: [[29, 3, 0]]
29->1: [[29, 1], [29, 3, 1]]
29->2: [[29, 3, 0, 2]]
29->3: [[29, 3]]
29->4: [[29, 8, 7, 4]]
29->5: [[29, 3, 14, 5]]
29->6: [[29, 8, 7, 4, 6]]
29->7: [[29, 8, 7]]
29->8: [[29, 8]]
29->9: [[29, 8, 9]]
29->10: [[29, 3, 27, 18, 11, 10], [29, 1, 17, 18, 11, 10], [29, 3, 1, 17, 18, 11, 10]]
29->11: [[29, 3, 27, 18, 11], [29, 1, 17, 18, 11], [29, 3, 1, 17, 18, 11]]
29->12: [[29, 8, 12]]
29->13: [[29, 8, 13]]
29->14: [[29, 3, 14]]
29->15: [[29, 3, 27, 15]]
29->16: [[29, 3, 27, 16]]
29->17: [[29, 1, 17], [29, 3, 1, 17]]
29->18: [[29, 3, 27, 18], [29, 1, 17, 18], [29, 3, 1, 17, 18]]
29->19: [[29, 1, 17, 19], [29, 3, 1, 17, 19]]
29->20: [[29, 3, 27, 18, 11, 20], [29, 1, 17, 18, 11, 20], [29, 3, 1, 17, 18, 11, 20]]
29->21: [[29, 3, 27, 18, 11, 20, 21], [29, 1, 17, 18, 11, 20, 21], [29, 3, 1, 17, 18, 11, 20, 21]]
29->22: [[29, 3, 14, 22]]
29->23: [[29, 3, 27, 18, 11, 23], [29, 1, 17, 18, 11, 23], [29, 3, 1, 17, 18, 11, 23]]
29->24: [[29, 3, 27, 18, 11, 25, 24], [29, 1, 17, 18, 11, 25, 24], [29, 3, 1, 17, 18, 11, 25, 24]]
29->25: [[29, 3, 27, 18, 11, 25], [29, 1, 17, 18, 11, 25], [29, 3, 1, 17, 18, 11, 25]]
29->26: [[29, 1, 26], [29, 3, 1, 26]]
29->27: [[29, 3, 27]]
29->28: [[29, 3, 14, 28]]
29->30: [[29, 3, 27, 18, 30], [29, 1, 17, 18, 30], [29, 3, 1, 17, 18, 30]]
29->31: [[29, 8, 31]]
29->32: [[29, 3, 27, 18, 32], [29, 1, 17, 18, 32], [29, 3, 1, 17, 18, 32]]
29->33: [[29, 3, 27, 18, 33], [29, 1, 17, 18, 33], [29, 3, 1, 17, 18, 33]]
29->34: [[29, 3, 27, 18, 34], [29, 1, 17, 18, 34], [29, 3, 1, 17, 18, 34]]
29->35: [[29, 3, 14, 35]]
29->36: [[29, 3, 27, 18, 11, 36], [29, 1, 17, 18, 11, 36], [29, 3, 1, 17, 18, 11, 36]]
29->37: [[29, 3, 27, 18, 11, 36, 37], [29, 1, 17, 18, 11, 36, 37], [29, 3, 1, 17, 18, 11, 36, 37]]
29->38: [[29, 3, 14, 38]]
29->39: [[29, 3, 27, 18, 39], [29, 1, 17, 18, 39], [29, 3, 1, 17, 18, 39]]
29->40: [[29, 3, 27, 18, 40], [29, 1, 17, 18, 40], [29, 3, 1, 17, 18, 40]]
29->41: [[29, 3, 14, 41]]
29->42: [[29, 3, 27, 18, 42], [29, 1, 17, 18, 42], [29, 3, 1, 17, 18, 42], [29, 3, 14, 41, 42]]
29->43: [[29, 3, 27, 18, 43], [29, 1, 17, 18, 43], [29, 3, 1, 17, 18, 43]]
29->44: [[29, 8, 44]]
29->45: [[29, 3, 14, 45]]
29->46: [[29, 8, 44, 46]]
29->47: [[29, 3, 14, 47]]
29->48: [[29, 3, 27, 18, 11, 48], [29, 1, 17, 18, 11, 48], [29, 3, 1, 17, 18, 11, 48]]
30->0: [[30, 18, 17, 1, 0]]
30->1: [[30, 18, 17, 1]]
30->2: [[30, 18, 17, 1, 0, 2]]
30->3: [[30, 18, 27, 3], [30, 18, 17, 1, 3]]
30->4: [[30, 18, 27, 8, 7, 4]]
30->5: [[30, 18, 17, 14, 5]]
30->6: [[30, 18, 27, 8, 7, 4, 6]]
30->7: [[30, 18, 27, 8, 7]]
30->8: [[30, 18, 27, 8]]
30->9: [[30, 18, 27, 8, 9]]
30->10: [[30, 18, 11, 10]]
30->11: [[30, 18, 11]]
30->12: [[30, 18, 27, 8, 12]]
30->13: [[30, 18, 27, 8, 13]]
30->14: [[30, 18, 17, 14]]
30->15: [[30, 18, 27, 15]]
30->16: [[30, 18, 27, 16]]
30->17: [[30, 18, 17]]
30->18: [[30, 18]]
30->19: [[30, 18, 17, 19]]
30->20: [[30, 18, 11, 20]]
30->21: [[30, 18, 11, 20, 21]]
30->22: [[30, 18, 17, 14, 22]]
30->23: [[30, 18, 11, 23]]
30->24: [[30, 18, 11, 25, 24]]
30->25: [[30, 18, 11, 25]]
30->26: [[30, 18, 17, 1, 26]]
30->27: [[30, 18, 27]]
30->28: [[30, 18, 17, 14, 28]]
30->29: [[30, 18, 17, 1, 29], [30, 18, 27, 3, 29], [30, 18, 17, 1, 3, 29]]
30->31: [[30, 18, 17, 14, 31]]
30->32: [[30, 18, 32]]
30->33: [[30, 18, 33]]
30->34: [[30, 18, 34]]
30->35: [[30, 18, 17, 14, 35]]
30->36: [[30, 18, 11, 36]]
30->37: [[30, 18, 11, 36, 37]]
30->38: [[30, 18, 17, 14, 38]]
30->39: [[30, 18, 39]]
30->40: [[30, 18, 40]]
30->41: [[30, 18, 42, 41]]
30->42: [[30, 18, 42]]
30->43: [[30, 18, 43]]
30->44: [[30, 18, 27, 8, 44]]
30->45: [[30, 18, 17, 14, 45]]
30->46: [[30, 18, 27, 8, 44, 46]]
30->47: [[30, 18, 17, 14, 47]]
30->48: [[30, 18, 11, 48]]
31->0: [[31, 14, 3, 0]]
31->1: [[31, 14, 17, 1], [31, 14, 3, 1]]
31->2: [[31, 14, 3, 0, 2]]
31->3: [[31, 14, 3]]
31->4: [[31, 8, 7, 4]]
31->5: [[31, 14, 5]]
31->6: [[31, 8, 7, 4, 6]]
31->7: [[31, 8, 7]]
31->8: [[31, 8]]
31->9: [[31, 9]]
31->10: [[31, 14, 17, 18, 11, 10]]
31->11: [[31, 14, 17, 18, 11]]
31->12: [[31, 8, 12]]
31->13: [[31, 8, 13]]
31->14: [[31, 14]]
31->15: [[31, 8, 27, 15]]
31->16: [[31, 8, 27, 16]]
31->17: [[31, 14, 17]]
31->18: [[31, 14, 17, 18]]
31->19: [[31, 14, 17, 19]]
31->20: [[31, 14, 17, 18, 11, 20]]
31->21: [[31, 14, 17, 18, 11, 20, 21]]
31->22: [[31, 14, 22]]
31->23: [[31, 14, 17, 18, 11, 23]]
31->24: [[31, 14, 17, 18, 11, 25, 24]]
31->25: [[31, 14, 17, 18, 11, 25]]
31->26: [[31, 14, 17, 1, 26], [31, 14, 3, 1, 26]]
31->27: [[31, 8, 27]]
31->28: [[31, 14, 28]]
31->29: [[31, 8, 29]]
31->30: [[31, 14, 17, 18, 30]]
31->32: [[31, 14, 17, 18, 32]]
31->33: [[31, 14, 17, 18, 33]]
31->34: [[31, 14, 17, 18, 34]]
31->35: [[31, 14, 35]]
31->36: [[31, 14, 17, 18, 11, 36]]
31->37: [[31, 14, 17, 18, 11, 36, 37]]
31->38: [[31, 14, 38]]
31->39: [[31, 14, 17, 18, 39]]
31->40: [[31, 14, 17, 18, 40]]
31->41: [[31, 14, 41]]
31->42: [[31, 14, 41, 42]]
31->43: [[31, 14, 17, 18, 43]]
31->44: [[31, 8, 44]]
31->45: [[31, 14, 45]]
31->46: [[31, 8, 44, 46]]
31->47: [[31, 14, 47]]
31->48: [[31, 14, 17, 18, 11, 48]]
32->0: [[32, 18, 17, 1, 0]]
32->1: [[32, 18, 17, 1]]
32->2: [[32, 18, 17, 1, 0, 2]]
32->3: [[32, 18, 27, 3], [32, 18, 17, 1, 3]]
32->4: [[32, 18, 27, 8, 7, 4]]
32->5: [[32, 18, 17, 14, 5]]
32->6: [[32, 18, 27, 8, 7, 4, 6]]
32->7: [[32, 18, 27, 8, 7]]
32->8: [[32, 18, 27, 8]]
32->9: [[32, 18, 27, 8, 9]]
32->10: [[32, 18, 11, 10]]
32->11: [[32, 18, 11]]
32->12: [[32, 18, 27, 8, 12]]
32->13: [[32, 18, 27, 8, 13]]
32->14: [[32, 18, 17, 14]]
32->15: [[32, 18, 27, 15]]
32->16: [[32, 18, 27, 16]]
32->17: [[32, 18, 17]]
32->18: [[32, 18]]
32->19: [[32, 18, 17, 19]]
32->20: [[32, 18, 11, 20]]
32->21: [[32, 18, 11, 20, 21]]
32->22: [[32, 18, 17, 14, 22]]
32->23: [[32, 18, 11, 23]]
32->24: [[32, 18, 11, 25, 24]]
32->25: [[32, 18, 11, 25]]
32->26: [[32, 18, 17, 1, 26]]
32->27: [[32, 18, 27]]
32->28: [[32, 18, 17, 14, 28]]
32->29: [[32, 18, 17, 1, 29], [32, 18, 27, 3, 29], [32, 18, 17, 1, 3, 29]]
32->30: [[32, 18, 30]]
32->31: [[32, 18, 17, 14, 31]]
32->33: [[32, 18, 33]]
32->34: [[32, 18, 34]]
32->35: [[32, 18, 17, 14, 35]]
32->36: [[32, 18, 11, 36]]
32->37: [[32, 18, 11, 36, 37]]
32->38: [[32, 18, 17, 14, 38]]
32->39: [[32, 18, 39]]
32->40: [[32, 18, 40]]
32->41: [[32, 18, 42, 41]]
32->42: [[32, 18, 42]]
32->43: [[32, 18, 43]]
32->44: [[32, 18, 27, 8, 44]]
32->45: [[32, 18, 17, 14, 45]]
32->46: [[32, 18, 27, 8, 44, 46]]
32->47: [[32, 18, 17, 14, 47]]
32->48: [[32, 18, 11, 48]]
33->0: [[33, 18, 17, 1, 0]]
33->1: [[33, 18, 17, 1]]
33->2: [[33, 18, 17, 1, 0, 2]]
33->3: [[33, 18, 27, 3], [33, 18, 17, 1, 3]]
33->4: [[33, 18, 27, 8, 7, 4]]
33->5: [[33, 18, 17, 14, 5]]
33->6: [[33, 18, 27, 8, 7, 4, 6]]
33->7: [[33, 18, 27, 8, 7]]
33->8: [[33, 18, 27, 8]]
33->9: [[33, 18, 27, 8, 9]]
33->10: [[33, 18, 11, 10]]
33->11: [[33, 18, 11]]
33->12: [[33, 18, 27, 8, 12]]
33->13: [[33, 18, 27, 8, 13]]
33->14: [[33, 18, 17, 14]]
33->15: [[33, 18, 27, 15]]
33->16: [[33, 18, 27, 16]]
33->17: [[33, 18, 17]]
33->18: [[33, 18]]
33->19: [[33, 18, 17, 19]]
33->20: [[33, 18, 11, 20]]
33->21: [[33, 18, 11, 20, 21]]
33->22: [[33, 18, 17, 14, 22]]
33->23: [[33, 18, 11, 23]]
33->24: [[33, 18, 11, 25, 24]]
33->25: [[33, 18, 11, 25]]
33->26: [[33, 18, 17, 1, 26]]
33->27: [[33, 18, 27]]
33->28: [[33, 18, 17, 14, 28]]
33->29: [[33, 18, 17, 1, 29], [33, 18, 27, 3, 29], [33, 18, 17, 1, 3, 29]]
33->30: [[33, 18, 30]]
33->31: [[33, 18, 17, 14, 31]]
33->32: [[33, 18, 32]]
33->34: [[33, 18, 34]]
33->35: [[33, 18, 17, 14, 35]]
33->36: [[33, 18, 11, 36]]
33->37: [[33, 18, 11, 36, 37]]
33->38: [[33, 18, 17, 14, 38]]
33->39: [[33, 18, 39]]
33->40: [[33, 18, 40]]
33->41: [[33, 18, 42, 41]]
33->42: [[33, 18, 42]]
33->43: [[33, 18, 43]]
33->44: [[33, 18, 27, 8, 44]]
33->45: [[33, 18, 17, 14, 45]]
33->46: [[33, 18, 27, 8, 44, 46]]
33->47: [[33, 18, 17, 14, 47]]
33->48: [[33, 18, 11, 48]]
34->0: [[34, 18, 17, 1, 0]]
34->1: [[34, 18, 17, 1]]
34->2: [[34, 18, 17, 1, 0, 2]]
34->3: [[34, 18, 27, 3], [34, 18, 17, 1, 3]]
34->4: [[34, 18, 27, 8, 7, 4]]
34->5: [[34, 18, 17, 14, 5]]
34->6: [[34, 18, 27, 8, 7, 4, 6]]
34->7: [[34, 18, 27, 8, 7]]
34->8: [[34, 18, 27, 8]]
34->9: [[34, 18, 27, 8, 9]]
34->10: [[34, 18, 11, 10]]
34->11: [[34, 18, 11]]
34->12: [[34, 18, 27, 8, 12]]
34->13: [[34, 18, 27, 8, 13]]
34->14: [[34, 18, 17, 14]]
34->15: [[34, 18, 27, 15]]
34->16: [[34, 18, 27, 16]]
34->17: [[34, 18, 17]]
34->18: [[34, 18]]
34->19: [[34, 18, 17, 19]]
34->20: [[34, 18, 11, 20]]
34->21: [[34, 18, 11, 20, 21]]
34->22: [[34, 18, 17, 14, 22]]
34->23: [[34, 18, 11, 23]]
34->24: [[34, 18, 11, 25, 24]]
34->25: [[34, 18, 11, 25]]
34->26: [[34, 18, 17, 1, 26]]
34->27: [[34, 18, 27]]
34->28: [[34, 18, 17, 14, 28]]
34->29: [[34, 18, 17, 1, 29], [34, 18, 27, 3, 29], [34, 18, 17, 1, 3, 29]]
34->30: [[34, 18, 30]]
34->31: [[34, 18, 17, 14, 31]]
34->32: [[34, 18, 32]]
34->33: [[34, 18, 33]]
34->35: [[34, 18, 17, 14, 35]]
34->36: [[34, 18, 11, 36]]
34->37: [[34, 18, 11, 36, 37]]
34->38: [[34, 18, 17, 14, 38]]
34->39: [[34, 18, 39]]
34->40: [[34, 18, 40]]
34->41: [[34, 18, 42, 41]]
34->42: [[34, 18, 42]]
34->43: [[34, 18, 43]]
34->44: [[34, 18, 27, 8, 44]]
34->45: [[34, 18, 17, 14, 45]]
34->46: [[34, 18, 27, 8, 44, 46]]
34->47: [[34, 18, 17, 14, 47]]
34->48: [[34, 18, 11, 48]]
35->0: [[35, 14, 3, 0]]
35->1: [[35, 14, 17, 1], [35, 14, 3, 1]]
35->2: [[35, 14, 3, 0, 2]]
35->3: [[35, 14, 3]]
35->4: [[35, 14, 8, 7, 4]]
35->5: [[35, 14, 5]]
35->6: [[35, 14, 8, 7, 4, 6]]
35->7: [[35, 14, 8, 7]]
35->8: [[35, 14, 8]]
35->9: [[35, 14, 31, 9]]
35->10: [[35, 14, 17, 18, 11, 10]]
35->11: [[35, 14, 17, 18, 11]]
35->12: [[35, 14, 8, 12]]
35->13: [[35, 14, 8, 13]]
35->14: [[35, 14]]
35->15: [[35, 14, 3, 27, 15]]
35->16: [[35, 14, 3, 27, 16]]
35->17: [[35, 14, 17]]
35->18: [[35, 14, 17, 18]]
35->19: [[35, 14, 17, 19]]
35->20: [[35, 14, 17, 18, 11, 20]]
35->21: [[35, 14, 17, 18, 11, 20, 21]]
35->22: [[35, 14, 22]]
35->23: [[35, 14, 17, 18, 11, 23]]
35->24: [[35, 14, 17, 18, 11, 25, 24]]
35->25: [[35, 14, 17, 18, 11, 25]]
35->26: [[35, 14, 17, 1, 26], [35, 14, 3, 1, 26]]
35->27: [[35, 14, 3, 27]]
35->28: [[35, 14, 28]]
35->29: [[35, 14, 3, 29]]
35->30: [[35, 14, 17, 18, 30]]
35->31: [[35, 14, 31]]
35->32: [[35, 14, 17, 18, 32]]
35->33: [[35, 14, 17, 18, 33]]
35->34: [[35, 14, 17, 18, 34]]
35->36: [[35, 14, 17, 18, 11, 36]]
35->37: [[35, 14, 17, 18, 11, 36, 37]]
35->38: [[35, 14, 38]]
35->39: [[35, 14, 17, 18, 39]]
35->40: [[35, 14, 17, 18, 40]]
35->41: [[35, 14, 41]]
35->42: [[35, 14, 41, 42]]
35->43: [[35, 14, 17, 18, 43]]
35->44: [[35, 14, 44]]
35->45: [[35, 14, 45]]
35->46: [[35, 14, 44, 46]]
35->47: [[35, 14, 47]]
35->48: [[35, 14, 17, 18, 11, 48]]
36->0: [[36, 11, 18, 17, 1, 0]]
36->1: [[36, 11, 18, 17, 1]]
36->2: [[36, 11, 18, 17, 1, 0, 2]]
36->3: [[36, 11, 18, 27, 3], [36, 11, 18, 17, 1, 3]]
36->4: [[36, 11, 18, 27, 8, 7, 4]]
36->5: [[36, 11, 18, 17, 14, 5]]
36->6: [[36, 11, 18, 27, 8, 7, 4, 6]]
36->7: [[36, 11, 18, 27, 8, 7]]
36->8: [[36, 11, 18, 27, 8]]
36->9: [[36, 11, 18, 27, 8, 9]]
36->10: [[36, 11, 10]]
36->11: [[36, 11]]
36->12: [[36, 11, 18, 27, 8, 12]]
36->13: [[36, 11, 18, 27, 8, 13]]
36->14: [[36, 11, 18, 17, 14]]
36->15: [[36, 11, 18, 27, 15]]
36->16: [[36, 11, 18, 27, 16]]
36->17: [[36, 11, 18, 17]]
36->18: [[36, 11, 18]]
36->19: [[36, 11, 18, 17, 19]]
36->20: [[36, 11, 20]]
36->21: [[36, 11, 20, 21]]
36->22: [[36, 11, 18, 17, 14, 22]]
36->23: [[36, 11, 23]]
36->24: [[36, 11, 25, 24]]
36->25: [[36, 11, 25]]
36->26: [[36, 11, 18, 17, 1, 26]]
36->27: [[36, 11, 18, 27]]
36->28: [[36, 11, 18, 17, 14, 28]]
36->29: [[36, 11, 18, 17, 1, 29], [36, 11, 18, 27, 3, 29], [36, 11, 18, 17, 1, 3, 29]]
36->30: [[36, 11, 18, 30]]
36->31: [[36, 11, 18, 17, 14, 31]]
36->32: [[36, 11, 18, 32]]
36->33: [[36, 11, 18, 33]]
36->34: [[36, 11, 18, 34]]
36->35: [[36, 11, 18, 17, 14, 35]]
36->37: [[36, 37]]
36->38: [[36, 11, 18, 17, 14, 38]]
36->39: [[36, 11, 18, 39]]
36->40: [[36, 11, 18, 40]]
36->41: [[36, 11, 18, 42, 41]]
36->42: [[36, 11, 18, 42]]
36->43: [[36, 11, 18, 43]]
36->44: [[36, 11, 18, 27, 8, 44]]
36->45: [[36, 11, 18, 17, 14, 45]]
36->46: [[36, 11, 18, 27, 8, 44, 46]]
36->47: [[36, 11, 18, 17, 14, 47]]
36->48: [[36, 11, 48]]
37->0: [[37, 36, 11, 18, 17, 1, 0]]
37->1: [[37, 36, 11, 18, 17, 1]]
37->2: [[37, 36, 11, 18, 17, 1, 0, 2]]
37->3: [[37, 36, 11, 18, 27, 3], [37, 36, 11, 18, 17, 1, 3]]
37->4: [[37, 36, 11, 18, 27, 8, 7, 4]]
37->5: [[37, 36, 11, 18, 17, 14, 5]]
37->6: [[37, 36, 11, 18, 27, 8, 7, 4, 6]]
37->7: [[37, 36, 11, 18, 27, 8, 7]]
37->8: [[37, 36, 11, 18, 27, 8]]
37->9: [[37, 36, 11, 18, 27, 8, 9]]
37->10: [[37, 36, 11, 10]]
37->11: [[37, 36, 11]]
37->12: [[37, 36, 11, 18, 27, 8, 12]]
37->13: [[37, 36, 11, 18, 27, 8, 13]]
37->14: [[37, 36, 11, 18, 17, 14]]
37->15: [[37, 36, 11, 18, 27, 15]]
37->16: [[37, 36, 11, 18, 27, 16]]
37->17: [[37, 36, 11, 18, 17]]
37->18: [[37, 36, 11, 18]]
37->19: [[37, 36, 11, 18, 17, 19]]
37->20: [[37, 36, 11, 20]]
37->21: [[37, 36, 11, 20, 21]]
37->22: [[37, 36, 11, 18, 17, 14, 22]]
37->23: [[37, 36, 11, 23]]
37->24: [[37, 36, 11, 25, 24]]
37->25: [[37, 36, 11, 25]]
37->26: [[37, 36, 11, 18, 17, 1, 26]]
37->27: [[37, 36, 11, 18, 27]]
37->28: [[37, 36, 11, 18, 17, 14, 28]]
37->29: [[37, 36, 11, 18, 17, 1, 29], [37, 36, 11, 18, 27, 3, 29], [37, 36, 11, 18, 17, 1, 3, 29]]
37->30: [[37, 36, 11, 18, 30]]
37->31: [[37, 36, 11, 18, 17, 14, 31]]
37->32: [[37, 36, 11, 18, 32]]
37->33: [[37, 36, 11, 18, 33]]
37->34: [[37, 36, 11, 18, 34]]
37->35: [[37, 36, 11, 18, 17, 14, 35]]
37->36: [[37, 36]]
37->38: [[37, 36, 11, 18, 17, 14, 38]]
37->39: [[37, 36, 11, 18, 39]]
37->40: [[37, 36, 11, 18, 40]]
37->41: [[37, 36, 11, 18, 42, 41]]
37->42: [[37, 36, 11, 18, 42]]
37->43: [[37, 36, 11, 18, 43]]
37->44: [[37, 36, 11, 18, 27, 8, 44]]
37->45: [[37, 36, 11, 18, 17, 14, 45]]
37->46: [[37, 36, 11, 18, 27, 8, 44, 46]]
37->47: [[37, 36, 11, 18, 17, 14, 47]]
37->48: [[37, 36, 11, 48]]
38->0: [[38, 14, 3, 0]]
38->1: [[38, 14, 17, 1], [38, 14, 3, 1]]
38->2: [[38, 14, 3, 0, 2]]
38->3: [[38, 14, 3]]
38->4: [[38, 14, 8, 7, 4]]
38->5: [[38, 14, 5]]
38->6: [[38, 14, 8, 7, 4, 6]]
38->7: [[38, 14, 8, 7]]
38->8: [[38, 14, 8]]
38->9: [[38, 14, 31, 9]]
38->10: [[38, 14, 17, 18, 11, 10]]
38->11: [[38, 14, 17, 18, 11]]
38->12: [[38, 14, 8, 12]]
38->13: [[38, 14, 8, 13]]
38->14: [[38, 14]]
38->15: [[38, 14, 3, 27, 15]]
38->16: [[38, 14, 3, 27, 16]]
38->17: [[38, 14, 17]]
38->18: [[38, 14, 17, 18]]
38->19: [[38, 14, 17, 19]]
38->20: [[38, 14, 17, 18, 11, 20]]
38->21: [[38, 14, 17, 18, 11, 20, 21]]
38->22: [[38, 14, 22]]
38->23: [[38, 14, 17, 18, 11, 23]]
38->24: [[38, 14, 17, 18, 11, 25, 24]]
38->25: [[38, 14, 17, 18, 11, 25]]
38->26: [[38, 14, 17, 1, 26], [38, 14, 3, 1, 26]]
38->27: [[38, 14, 3, 27]]
38->28: [[38, 14, 28]]
38->29: [[38, 14, 3, 29]]
38->30: [[38, 14, 17, 18, 30]]
38->31: [[38, 14, 31]]
38->32: [[38, 14, 17, 18, 32]]
38->33: [[38, 14, 17, 18, 33]]
38->34: [[38, 14, 17, 18, 34]]
38->35: [[38, 14, 35]]
38->36: [[38, 14, 17, 18, 11, 36]]
38->37: [[38, 14, 17, 18, 11, 36, 37]]
38->39: [[38, 14, 17, 18, 39]]
38->40: [[38, 14, 17, 18, 40]]
38->41: [[38, 14, 41]]
38->42: [[38, 14, 41, 42]]
38->43: [[38, 14, 17, 18, 43]]
38->44: [[38, 14, 44]]
38->45: [[38, 14, 45]]
38->46: [[38, 14, 44, 46]]
38->47: [[38, 14, 47]]
38->48: [[38, 14, 17, 18, 11, 48]]
39->0: [[39, 18, 17, 1, 0]]
39->1: [[39, 18, 17, 1]]
39->2: [[39, 18, 17, 1, 0, 2]]
39->3: [[39, 18, 27, 3], [39, 18, 17, 1, 3]]
39->4: [[39, 18, 27, 8, 7, 4]]
39->5: [[39, 18, 17, 14, 5]]
39->6: [[39, 18, 27, 8, 7, 4, 6]]
39->7: [[39, 18, 27, 8, 7]]
39->8: [[39, 18, 27, 8]]
39->9: [[39, 18, 27, 8, 9]]
39->10: [[39, 18, 11, 10]]
39->11: [[39, 18, 11]]
39->12: [[39, 18, 27, 8, 12]]
39->13: [[39, 18, 27, 8, 13]]
39->14: [[39, 18, 17, 14]]
39->15: [[39, 18, 27, 15]]
39->16: [[39, 18, 27, 16]]
39->17: [[39, 18, 17]]
39->18: [[39, 18]]
39->19: [[39, 18, 17, 19]]
39->20: [[39, 18, 11, 20]]
39->21: [[39, 18, 11, 20, 21]]
39->22: [[39, 18, 17, 14, 22]]
39->23: [[39, 18, 11, 23]]
39->24: [[39, 18, 11, 25, 24]]
39->25: [[39, 18, 11, 25]]
39->26: [[39, 18, 17, 1, 26]]
39->27: [[39, 18, 27]]
39->28: [[39, 18, 17, 14, 28]]
39->29: [[39, 18, 17, 1, 29], [39, 18, 27, 3, 29], [39, 18, 17, 1, 3, 29]]
39->30: [[39, 18, 30]]
39->31: [[39, 18, 17, 14, 31]]
39->32: [[39, 18, 32]]
39->33: [[39, 18, 33]]
39->34: [[39, 18, 34]]
39->35: [[39, 18, 17, 14, 35]]
39->36: [[39, 18, 11, 36]]
39->37: [[39, 18, 11, 36, 37]]
39->38: [[39, 18, 17, 14, 38]]
39->40: [[39, 18, 40]]
39->41: [[39, 18, 42, 41]]
39->42: [[39, 18, 42]]
39->43: [[39, 18, 43]]
39->44: [[39, 18, 27, 8, 44]]
39->45: [[39, 18, 17, 14, 45]]
39->46: [[39, 18, 27, 8, 44, 46]]
39->47: [[39, 18, 17, 14, 47]]
39->48: [[39, 18, 11, 48]]
40->0: [[40, 18, 17, 1, 0]]
40->1: [[40, 18, 17, 1]]
40->2: [[40, 18, 17, 1, 0, 2]]
40->3: [[40, 18, 27, 3], [40, 18, 17, 1, 3]]
40->4: [[40, 18, 27, 8, 7, 4]]
40->5: [[40, 18, 17, 14, 5]]
40->6: [[40, 18, 27, 8, 7, 4, 6]]
40->7: [[40, 18, 27, 8, 7]]
40->8: [[40, 18, 27, 8]]
40->9: [[40, 18, 27, 8, 9]]
40->10: [[40, 18, 11, 10]]
40->11: [[40, 18, 11]]
40->12: [[40, 18, 27, 8, 12]]
40->13: [[40, 18, 27, 8, 13]]
40->14: [[40, 18, 17, 14]]
40->15: [[40, 18, 27, 15]]
40->16: [[40, 18, 27, 16]]
40->17: [[40, 18, 17]]
40->18: [[40, 18]]
40->19: [[40, 18, 17, 19]]
40->20: [[40, 18, 11, 20]]
40->21: [[40, 18, 11, 20, 21]]
40->22: [[40, 18, 17, 14, 22]]
40->23: [[40, 18, 11, 23]]
40->24: [[40, 18, 11, 25, 24]]
40->25: [[40, 18, 11, 25]]
40->26: [[40, 18, 17, 1, 26]]
40->27: [[40, 18, 27]]
40->28: [[40, 18, 17, 14, 28]]
40->29: [[40, 18, 17, 1, 29], [40, 18, 27, 3, 29], [40, 18, 17, 1, 3, 29]]
40->30: [[40, 18, 30]]
40->31: [[40, 18, 17, 14, 31]]
40->32: [[40, 18, 32]]
40->33: [[40, 18, 33]]
40->34: [[40, 18, 34]]
40->35: [[40, 18, 17, 14, 35]]
40->36: [[40, 18, 11, 36]]
40->37: [[40, 18, 11, 36, 37]]
40->38: [[40, 18, 17, 14, 38]]
40->39: [[40, 18, 39]]
40->41: [[40, 18, 42, 41]]
40->42: [[40, 18, 42]]
40->43: [[40, 18, 43]]
40->44: [[40, 18, 27, 8, 44]]
40->45: [[40, 18, 17, 14, 45]]
40->46: [[40, 18, 27, 8, 44, 46]]
40->47: [[40, 18, 17, 14, 47]]
40->48: [[40, 18, 11, 48]]
41->0: [[41, 14, 3, 0]]
41->1: [[41, 14, 17, 1], [41, 14, 3, 1]]
41->2: [[41, 14, 3, 0, 2]]
41->3: [[41, 14, 3]]
41->4: [[41, 14, 8, 7, 4]]
41->5: [[41, 14, 5]]
41->6: [[41, 14, 8, 7, 4, 6]]
41->7: [[41, 14, 8, 7]]
41->8: [[41, 14, 8]]
41->9: [[41, 14, 31, 9]]
41->10: [[41, 42, 18, 11, 10]]
41->11: [[41, 42, 18, 11]]
41->12: [[41, 14, 8, 12]]
41->13: [[41, 14, 8, 13]]
41->14: [[41, 14]]
41->15: [[41, 42, 18, 27, 15], [41, 14, 3, 27, 15]]
41->16: [[41, 42, 18, 27, 16], [41, 14, 3, 27, 16]]
41->17: [[41, 14, 17]]
41->18: [[41, 42, 18]]
41->19: [[41, 14, 17, 19]]
41->20: [[41, 42, 18, 11, 20]]
41->21: [[41, 42, 18, 11, 20, 21]]
41->22: [[41, 14, 22]]
41->23: [[41, 42, 18, 11, 23]]
41->24: [[41, 42, 18, 11, 25, 24]]
41->25: [[41, 42, 18, 11, 25]]
41->26: [[41, 14, 17, 1, 26], [41, 14, 3, 1, 26]]
41->27: [[41, 42, 18, 27], [41, 14, 3, 27]]
41->28: [[41, 14, 28]]
41->29: [[41, 14, 3, 29]]
41->30: [[41, 42, 18, 30]]
41->31: [[41, 14, 31]]
41->32: [[41, 42, 18, 32]]
41->33: [[41, 42, 18, 33]]
41->34: [[41, 42, 18, 34]]
41->35: [[41, 14, 35]]
41->36: [[41, 42, 18, 11, 36]]
41->37: [[41, 42, 18, 11, 36, 37]]
41->38: [[41, 14, 38]]
41->39: [[41, 42, 18, 39]]
41->40: [[41, 42, 18, 40]]
41->42: [[41, 42]]
41->43: [[41, 42, 18, 43]]
41->44: [[41, 14, 44]]
41->45: [[41, 14, 45]]
41->46: [[41, 14, 44, 46]]
41->47: [[41, 14, 47]]
41->48: [[41, 42, 18, 11, 48]]
42->0: [[42, 18, 17, 1, 0]]
42->1: [[42, 18, 17, 1]]
42->2: [[42, 18, 17, 1, 0, 2]]
42->3: [[42, 41, 14, 3], [42, 18, 27, 3], [42, 18, 17, 1, 3]]
42->4: [[42, 41, 14, 8, 7, 4]]
42->5: [[42, 41, 14, 5]]
42->6: [[42, 41, 14, 8, 7, 4, 6]]
42->7: [[42, 41, 14, 8, 7]]
42->8: [[42, 41, 14, 8]]
42->9: [[42, 41, 14, 31, 9]]
42->10: [[42, 18, 11, 10]]
42->11: [[42, 18, 11]]
42->12: [[42, 41, 14, 8, 12]]
42->13: [[42, 41, 14, 8, 13]]
42->14: [[42, 41, 14]]
42->15: [[42, 18, 27, 15]]
42->16: [[42, 18, 27, 16]]
42->17: [[42, 18, 17]]
42->18: [[42, 18]]
42->19: [[42, 18, 17, 19]]
42->20: [[42, 18, 11, 20]]
42->21: [[42, 18, 11, 20, 21]]
42->22: [[42, 41, 14, 22]]
42->23: [[42, 18, 11, 23]]
42->24: [[42, 18, 11, 25, 24]]
42->25: [[42, 18, 11, 25]]
42->26: [[42, 18, 17, 1, 26]]
42->27: [[42, 18, 27]]
42->28: [[42, 41, 14, 28]]
42->29: [[42, 18, 17, 1, 29], [42, 41, 14, 3, 29], [42, 18, 27, 3, 29], [42, 18, 17, 1, 3, 29]]
42->30: [[42, 18, 30]]
42->31: [[42, 41, 14, 31]]
42->32: [[42, 18, 32]]
42->33: [[42, 18, 33]]
42->34: [[42, 18, 34]]
42->35: [[42, 41, 14, 35]]
42->36: [[42, 18, 11, 36]]
42->37: [[42, 18, 11, 36, 37]]
42->38: [[42, 41, 14, 38]]
42->39: [[42, 18, 39]]
42->40: [[42, 18, 40]]
42->41: [[42, 41]]
42->43: [[42, 18, 43]]
42->44: [[42, 41, 14, 44]]
42->45: [[42, 41, 14, 45]]
42->46: [[42, 41, 14, 44, 46]]
42->47: [[42, 41, 14, 47]]
42->48: [[42, 18, 11, 48]]
43->0: [[43, 18, 17, 1, 0]]
43->1: [[43, 18, 17, 1]]
43->2: [[43, 18, 17, 1, 0, 2]]
43->3: [[43, 18, 27, 3], [43, 18, 17, 1, 3]]
43->4: [[43, 18, 27, 8, 7, 4]]
43->5: [[43, 18, 17, 14, 5]]
43->6: [[43, 18, 27, 8, 7, 4, 6]]
43->7: [[43, 18, 27, 8, 7]]
43->8: [[43, 18, 27, 8]]
43->9: [[43, 18, 27, 8, 9]]
43->10: [[43, 18, 11, 10]]
43->11: [[43, 18, 11]]
43->12: [[43, 18, 27, 8, 12]]
43->13: [[43, 18, 27, 8, 13]]
43->14: [[43, 18, 17, 14]]
43->15: [[43, 18, 27, 15]]
43->16: [[43, 18, 27, 16]]
43->17: [[43, 18, 17]]
43->18: [[43, 18]]
43->19: [[43, 18, 17, 19]]
43->20: [[43, 18, 11, 20]]
43->21: [[43, 18, 11, 20, 21]]
43->22: [[43, 18, 17, 14, 22]]
43->23: [[43, 18, 11, 23]]
43->24: [[43, 18, 11, 25, 24]]
43->25: [[43, 18, 11, 25]]
43->26: [[43, 18, 17, 1, 26]]
43->27: [[43, 18, 27]]
43->28: [[43, 18, 17, 14, 28]]
43->29: [[43, 18, 17, 1, 29], [43, 18, 27, 3, 29], [43, 18, 17, 1, 3, 29]]
43->30: [[43, 18, 30]]
43->31: [[43, 18, 17, 14, 31]]
43->32: [[43, 18, 32]]
43->33: [[43, 18, 33]]
43->34: [[43, 18, 34]]
43->35: [[43, 18, 17, 14, 35]]
43->36: [[43, 18, 11, 36]]
43->37: [[43, 18, 11, 36, 37]]
43->38: [[43, 18, 17, 14, 38]]
43->39: [[43, 18, 39]]
43->40: [[43, 18, 40]]
43->41: [[43, 18, 42, 41]]
43->42: [[43, 18, 42]]
43->44: [[43, 18, 27, 8, 44]]
43->45: [[43, 18, 17, 14, 45]]
43->46: [[43, 18, 27, 8, 44, 46]]
43->47: [[43, 18, 17, 14, 47]]
43->48: [[43, 18, 11, 48]]
44->0: [[44, 14, 3, 0], [44, 8, 29, 3, 0]]
44->1: [[44, 8, 29, 1], [44, 14, 17, 1], [44, 14, 3, 1], [44, 8, 29, 3, 1]]
44->2: [[44, 14, 3, 0, 2], [44, 8, 29, 3, 0, 2]]
44->3: [[44, 14, 3], [44, 8, 29, 3]]
44->4: [[44, 8, 7, 4]]
44->5: [[44, 14, 5]]
44->6: [[44, 8, 7, 4, 6]]
44->7: [[44, 8, 7]]
44->8: [[44, 8]]
44->9: [[44, 8, 9]]
44->10: [[44, 8, 27, 18, 11, 10]]
44->11: [[44, 8, 27, 18, 11]]
44->12: [[44, 8, 12]]
44->13: [[44, 8, 13]]
44->14: [[44, 14]]
44->15: [[44, 8, 27, 15]]
44->16: [[44, 8, 27, 16]]
44->17: [[44, 14, 17]]
44->18: [[44, 8, 27, 18]]
44->19: [[44, 14, 17, 19]]
44->20: [[44, 8, 27, 18, 11, 20]]
44->21: [[44, 8, 27, 18, 11, 20, 21]]
44->22: [[44, 14, 22]]
44->23: [[44, 8, 27, 18, 11, 23]]
44->24: [[44, 8, 27, 18, 11, 25, 24]]
44->25: [[44, 8, 27, 18, 11, 25]]
44->26: [[44, 8, 29, 1, 26], [44, 14, 17, 1, 26], [44, 14, 3, 1, 26], [44, 8, 29, 3, 1, 26]]
44->27: [[44, 8, 27]]
44->28: [[44, 14, 28]]
44->29: [[44, 8, 29]]
44->30: [[44, 8, 27, 18, 30]]
44->31: [[44, 8, 31]]
44->32: [[44, 8, 27, 18, 32]]
44->33: [[44, 8, 27, 18, 33]]
44->34: [[44, 8, 27, 18, 34]]
44->35: [[44, 14, 35]]
44->36: [[44, 8, 27, 18, 11, 36]]
44->37: [[44, 8, 27, 18, 11, 36, 37]]
44->38: [[44, 14, 38]]
44->39: [[44, 8, 27, 18, 39]]
44->40: [[44, 8, 27, 18, 40]]
44->41: [[44, 14, 41]]
44->42: [[44, 14, 41, 42]]
44->43: [[44, 8, 27, 18, 43]]
44->45: [[44, 14, 45]]
44->46: [[44, 46]]
44->47: [[44, 14, 47]]
44->48: [[44, 8, 27, 18, 11, 48]]
45->0: [[45, 14, 3, 0]]
45->1: [[45, 14, 17, 1], [45, 14, 3, 1]]
45->2: [[45, 14, 3, 0, 2]]
45->3: [[45, 14, 3]]
45->4: [[45, 14, 8, 7, 4]]
45->5: [[45, 14, 5]]
45->6: [[45, 14, 8, 7, 4, 6]]
45->7: [[45, 14, 8, 7]]
45->8: [[45, 14, 8]]
45->9: [[45, 14, 31, 9]]
45->10: [[45, 14, 17, 18, 11, 10]]
45->11: [[45, 14, 17, 18, 11]]
45->12: [[45, 14, 8, 12]]
45->13: [[45, 14, 8, 13]]
45->14: [[45, 14]]
45->15: [[45, 14, 3, 27, 15]]
45->16: [[45, 14, 3, 27, 16]]
45->17: [[45, 14, 17]]
45->18: [[45, 14, 17, 18]]
45->19: [[45, 14, 17, 19]]
45->20: [[45, 14, 17, 18, 11, 20]]
45->21: [[45, 14, 17, 18, 11, 20, 21]]
45->22: [[45, 14, 22]]
45->23: [[45, 14, 17, 18, 11, 23]]
45->24: [[45, 14, 17, 18, 11, 25, 24]]
45->25: [[45, 14, 17, 18, 11, 25]]
45->26: [[45, 14, 17, 1, 26], [45, 14, 3, 1, 26]]
45->27: [[45, 14, 3, 27]]
45->28: [[45, 14, 28]]
45->29: [[45, 14, 3, 29]]
45->30: [[45, 14, 17, 18, 30]]
45->31: [[45, 14, 31]]
45->32: [[45, 14, 17, 18, 32]]
45->33: [[45, 14, 17, 18, 33]]
45->34: [[45, 14, 17, 18, 34]]
45->35: [[45, 14, 35]]
45->36: [[45, 14, 17, 18, 11, 36]]
45->37: [[45, 14, 17, 18, 11, 36, 37]]
45->38: [[45, 14, 38]]
45->39: [[45, 14, 17, 18, 39]]
45->40: [[45, 14, 17, 18, 40]]
45->41: [[45, 14, 41]]
45->42: [[45, 14, 41, 42]]
45->43: [[45, 14, 17, 18, 43]]
45->44: [[45, 14, 44]]
45->46: [[45, 14, 44, 46]]
45->47: [[45, 14, 47]]
45->48: [[45, 14, 17, 18, 11, 48]]
46->0: [[46, 44, 14, 3, 0], [46, 44, 8, 29, 3, 0]]
46->1: [[46, 44, 8, 29, 1], [46, 44, 14, 17, 1], [46, 44, 14, 3, 1], [46, 44, 8, 29, 3, 1]]
46->2: [[46, 44, 14, 3, 0, 2], [46, 44, 8, 29, 3, 0, 2]]
46->3: [[46, 44, 14, 3], [46, 44, 8, 29, 3]]
46->4: [[46, 44, 8, 7, 4]]
46->5: [[46, 44, 14, 5]]
46->6: [[46, 44, 8, 7, 4, 6]]
46->7: [[46, 44, 8, 7]]
46->8: [[46, 44, 8]]
46->9: [[46, 44, 8, 9]]
46->10: [[46, 44, 8, 27, 18, 11, 10]]
46->11: [[46, 44, 8, 27, 18, 11]]
46->12: [[46, 44, 8, 12]]
46->13: [[46, 44, 8, 13]]
46->14: [[46, 44, 14]]
46->15: [[46, 44, 8, 27, 15]]
46->16: [[46, 44, 8, 27, 16]]
46->17: [[46, 44, 14, 17]]
46->18: [[46, 44, 8, 27, 18]]
46->19: [[46, 44, 14, 17, 19]]
46->20: [[46, 44, 8, 27, 18, 11, 20]]
46->21: [[46, 44, 8, 27, 18, 11, 20, 21]]
46->22: [[46, 44, 14, 22]]
46->23: [[46, 44, 8, 27, 18, 11, 23]]
46->24: [[46, 44, 8, 27, 18, 11, 25, 24]]
46->25: [[46, 44, 8, 27, 18, 11, 25]]
46->26: [[46, 44, 8, 29, 1, 26], [46, 44, 14, 17, 1, 26], [46, 44, 14, 3, 1, 26], [46, 44, 8, 29, 3, 1, 26]]
46->27: [[46, 44, 8, 27]]
46->28: [[46, 44, 14, 28]]
46->29: [[46, 44, 8, 29]]
46->30: [[46, 44, 8, 27, 18, 30]]
46->31: [[46, 44, 8, 31]]
46->32: [[46, 44, 8, 27, 18, 32]]
46->33: [[46, 44, 8, 27, 18, 33]]
46->34: [[46, 44, 8, 27, 18, 34]]
46->35: [[46, 44, 14, 35]]
46->36: [[46, 44, 8, 27, 18, 11, 36]]
46->37: [[46, 44, 8, 27, 18, 11, 36, 37]]
46->38: [[46, 44, 14, 38]]
46->39: [[46, 44, 8, 27, 18, 39]]
46->40: [[46, 44, 8, 27, 18, 40]]
46->41: [[46, 44, 14, 41]]
46->42: [[46, 44, 14, 41, 42]]
46->43: [[46, 44, 8, 27, 18, 43]]
46->44: [[46, 44]]
46->45: [[46, 44, 14, 45]]
46->47: [[46, 44, 14, 47]]
46->48: [[46, 44, 8, 27, 18, 11, 48]]
47->0: [[47, 14, 3, 0]]
47->1: [[47, 14, 17, 1], [47, 14, 3, 1]]
47->2: [[47, 14, 3, 0, 2]]
47->3: [[47, 14, 3]]
47->4: [[47, 14, 8, 7, 4]]
47->5: [[47, 14, 5]]
47->6: [[47, 14, 8, 7, 4, 6]]
47->7: [[47, 14, 8, 7]]
47->8: [[47, 14, 8]]
47->9: [[47, 14, 31, 9]]
47->10: [[47, 14, 17, 18, 11, 10]]
47->11: [[47, 14, 17, 18, 11]]
47->12: [[47, 14, 8, 12]]
47->13: [[47, 14, 8, 13]]
47->14: [[47, 14]]
47->15: [[47, 14, 3, 27, 15]]
47->16: [[47, 14, 3, 27, 16]]
47->17: [[47, 14, 17]]
47->18: [[47, 14, 17, 18]]
47->19: [[47, 14, 17, 19]]
47->20: [[47, 14, 17, 18, 11, 20]]
47->21: [[47, 14, 17, 18, 11, 20, 21]]
47->22: [[47, 14, 22]]
47->23: [[47, 14, 17, 18, 11, 23]]
47->24: [[47, 14, 17, 18, 11, 25, 24]]
47->25: [[47, 14, 17, 18, 11, 25]]
47->26: [[47, 14, 17, 1, 26], [47, 14, 3, 1, 26]]
47->27: [[47, 14, 3, 27]]
47->28: [[47, 14, 28]]
47->29: [[47, 14, 3, 29]]
47->30: [[47, 14, 17, 18, 30]]
47->31: [[47, 14, 31]]
47->32: [[47, 14, 17, 18, 32]]
47->33: [[47, 14, 17, 18, 33]]
47->34: [[47, 14, 17, 18, 34]]
47->35: [[47, 14, 35]]
47->36: [[47, 14, 17, 18, 11, 36]]
47->37: [[47, 14, 17, 18, 11, 36, 37]]
47->38: [[47, 14, 38]]
47->39: [[47, 14, 17, 18, 39]]
47->40: [[47, 14, 17, 18, 40]]
47->41: [[47, 14, 41]]
47->42: [[47, 14, 41, 42]]
47->43: [[47, 14, 17, 18, 43]]
47->44: [[47, 14, 44]]
47->45: [[47, 14, 45]]
47->46: [[47, 14, 44, 46]]
47->48: [[47, 14, 17, 18, 11, 48]]
48->0: [[48, 11, 18, 17, 1, 0]]
48->1: [[48, 11, 18, 17, 1]]
48->2: [[48, 11, 18, 17, 1, 0, 2]]
48->3: [[48, 11, 18, 27, 3], [48, 11, 18, 17, 1, 3]]
48->4: [[48, 11, 18, 27, 8, 7, 4]]
48->5: [[48, 11, 18, 17, 14, 5]]
48->6: [[48, 11, 18, 27, 8, 7, 4, 6]]
48->7: [[48, 11, 18, 27, 8, 7]]
48->8: [[48, 11, 18, 27, 8]]
48->9: [[48, 11, 18, 27, 8, 9]]
48->10: [[48, 11, 10]]
48->11: [[48, 11]]
48->12: [[48, 11, 18, 27, 8, 12]]
48->13: [[48, 11, 18, 27, 8, 13]]
48->14: [[48, 11, 18, 17, 14]]
48->15: [[48, 11, 18, 27, 15]]
48->16: [[48, 11, 18, 27, 16]]
48->17: [[48, 11, 18, 17]]
48->18: [[48, 11, 18]]
48->19: [[48, 11, 18, 17, 19]]
48->20: [[48, 11, 20]]
48->21: [[48, 11, 20, 21]]
48->22: [[48, 11, 18, 17, 14, 22]]
48->23: [[48, 11, 23]]
48->24: [[48, 11, 25, 24]]
48->25: [[48, 11, 25]]
48->26: [[48, 11, 18, 17, 1, 26]]
48->27: [[48, 11, 18, 27]]
48->28: [[48, 11, 18, 17, 14, 28]]
48->29: [[48, 11, 18, 17, 1, 29], [48, 11, 18, 27, 3, 29], [48, 11, 18, 17, 1, 3, 29]]
48->30: [[48, 11, 18, 30]]
48->31: [[48, 11, 18, 17, 14, 31]]
48->32: [[48, 11, 18, 32]]
48->33: [[48, 11, 18, 33]]
48->34: [[48, 11, 18, 34]]
48->35: [[48, 11, 18, 17, 14, 35]]
48->36: [[48, 11, 36]]
48->37: [[48, 11, 36, 37]]
48->38: [[48, 11, 18, 17, 14, 38]]
48->39: [[48, 11, 18, 39]]
48->40: [[48, 11, 18, 40]]
48->41: [[48, 11, 18, 42, 41]]
48->42: [[48, 11, 18, 42]]
48->43: [[48, 11, 18, 43]]
48->44: [[48, 11, 18, 27, 8, 44]]
48->45: [[48, 11, 18, 17, 14, 45]]
48->46: [[48, 11, 18, 27, 8, 44, 46]]
48->47: [[48, 11, 18, 17, 14, 47]]
