Node_num: 49	Edge_num: 172
Link_index	Source	Destination	Weights	Bandwidth
0	0	1	2	500
1	0	2	2	500
2	0	3	2	500
3	4	5	9	500
4	4	6	4	500
5	4	7	4	500
6	8	9	4	500
7	10	11	4	500
8	7	12	4	500
9	7	13	6	500
10	7	8	4	500
11	7	4	4	500
12	7	14	31	500
13	15	16	10	500
14	17	18	4	500
15	17	1	2	500
16	17	14	4	500
17	17	19	4	500
18	20	21	2	500
19	20	11	4	500
20	21	20	2	500
21	5	4	9	500
22	5	14	4	500
23	22	14	2	500
24	23	11	2	500
25	24	25	2	500
26	26	1	6	500
27	26	19	5	500
28	26	27	39	500
29	27	1	22	500
30	27	3	4	500
31	27	16	8	500
32	27	2	28	500
33	27	14	20	500
34	27	26	39	500
35	25	11	2	500
36	27	18	4	500
37	27	28	31	500
38	8	29	4	500
39	8	1	23	500
40	8	14	4	500
41	8	27	5	500
42	8	3	9	500
43	30	18	2	500
44	9	31	2	500
45	32	18	4	500
46	33	18	4	500
47	9	8	4	500
48	18	33	4	500
49	18	11	2	500
50	18	32	4	500
51	18	34	4	500
52	35	14	2	500
53	13	8	2	500
54	13	7	6	500
55	36	11	4	500
56	36	37	2	500
57	27	15	5	500
58	27	8	5	500
59	14	31	4	500
60	14	8	4	500
61	14	38	4	500
62	18	30	2	500
63	18	39	2	500
64	18	40	2	500
65	18	17	4	500
66	18	1	17	500
67	18	19	11	500
68	18	27	4	500
69	18	14	16	500
70	41	14	4	500
71	41	42	4	500
72	18	43	2	500
73	14	5	4	500
74	40	18	2	500
75	6	4	4	500
76	6	8	33	500
77	6	14	29	500
78	1	0	2	500
79	1	27	22	500
80	1	8	23	500
81	1	14	15	500
82	1	18	17	500
83	1	29	4	500
84	1	17	2	500
85	1	42	20	500
86	1	19	8	500
87	1	28	23	500
88	1	3	2	500
89	1	26	6	500
90	8	31	5	500
91	8	6	33	500
92	8	44	6	500
93	8	38	19	500
94	18	42	4	500
95	8	7	4	500
96	8	12	4	500
97	11	18	2	500
98	14	45	2	500
99	28	14	2	500
100	28	1	23	500
101	28	27	31	500
102	44	8	6	500
103	44	14	8	500
104	44	46	2	500
105	45	14	2	500
106	2	0	2	500
107	2	27	28	500
108	2	14	33	500
109	47	14	2	500
110	38	8	19	500
111	38	14	4	500
112	16	27	8	500
113	37	36	2	500
114	11	20	4	500
115	11	25	2	500
116	11	36	4	500
117	11	23	2	500
118	11	10	4	500
119	16	15	10	500
120	11	48	2	500
121	29	1	4	500
122	29	8	4	500
123	29	3	2	500
124	19	14	21	500
125	19	1	8	500
126	39	18	2	500
127	19	3	11	500
128	19	17	4	500
129	19	26	5	500
130	12	7	4	500
131	12	14	16	500
132	19	18	11	500
133	12	8	4	500
134	31	8	5	500
135	31	14	4	500
136	14	6	29	500
137	14	7	31	500
138	14	12	16	500
139	14	44	8	500
140	14	35	2	500
141	14	17	4	500
142	14	41	4	500
143	14	1	15	500
144	14	19	21	500
145	14	28	2	500
146	14	0	35	500
147	14	27	20	500
148	14	2	33	500
149	14	47	2	500
150	14	22	2	500
151	14	18	16	500
152	14	3	4	500
153	48	11	2	500
154	42	1	20	500
155	42	41	4	500
156	42	18	4	500
157	34	18	4	500
158	31	9	2	500
159	3	1	2	500
160	3	29	2	500
161	3	27	4	500
162	3	0	2	500
163	3	8	9	500
164	25	24	2	500
165	46	44	2	500
166	0	14	35	500
167	8	13	2	500
168	43	18	2	500
169	3	14	4	500
170	3	19	11	500
171	15	27	5	500